0 0.156250 0.312500 0.076172 0.083333
0 0.377930 0.358724 0.064453 0.134115
0 0.401855 0.306641 0.022461 0.071615
0 0.430176 0.302734 0.024414 0.061198
0 0.610840 0.357422 0.045898 0.123698
0 0.641113 0.352214 0.055664 0.136719
0 0.700195 0.270182 0.021484 0.082031
0 0.720703 0.265625 0.015625 0.070313
0 0.894043 0.357422 0.094727 0.279948
1 0.087891 0.335286 0.128906 0.071615
1 0.262207 0.336589 0.092773 0.089844
1 0.483887 0.306641 0.100586 0.063802
1 0.670898 0.281901 0.064453 0.055990
1 0.768555 0.348958 0.205078 0.135417
1 0.734863 0.266276 0.057617 0.037760
1 0.795898 0.263672 0.058594 0.055990