1 0.362094 0.805664 0.137168 0.070313
0 0.090708 0.796387 0.030973 0.051758
0 0.281711 0.793457 0.020649 0.040039
0 0.319322 0.786621 0.025074 0.026367
0 0.495575 0.809570 0.041298 0.109375
0 0.578909 0.803711 0.045723 0.066406
0 0.630531 0.799316 0.033923 0.047852
0 0.687316 0.800293 0.047198 0.067383
0 0.725664 0.790527 0.020649 0.079102
0 0.748525 0.809570 0.036873 0.082031
0 0.791298 0.805664 0.045723 0.101563
0 0.845870 0.768555 0.028024 0.072266
1 0.550885 0.800293 0.089971 0.055664
1 0.612832 0.792969 0.042773 0.041016
1 0.645280 0.789063 0.057522 0.027344