0 0.300293 0.106771 0.020508 0.098958
0 0.322754 0.100260 0.036133 0.093750
0 0.327148 0.100260 0.029297 0.093750
0 0.641113 0.365234 0.092773 0.144531
0 0.699707 0.277995 0.061523 0.126302
0 0.710449 0.384115 0.071289 0.140625
0 0.944336 0.424479 0.109375 0.502604
0 0.947266 0.725260 0.103516 0.377604
0 0.956055 0.022135 0.017578 0.044270
0 0.970703 0.020833 0.019531 0.041666
0 0.983887 0.022786 0.020508 0.045572
1 0.107422 0.145833 0.130859 0.078125
1 0.480957 0.528646 0.756836 0.552083
1 0.585938 0.061198 0.066406 0.046875