1 0.655762 0.701318 0.315430 0.286969
0 0.015625 0.500000 0.015625 0.062958
0 0.034180 0.510981 0.017578 0.084919
0 0.050781 0.559297 0.035156 0.172767
0 0.072754 0.497804 0.008789 0.035139
0 0.092773 0.502928 0.015625 0.051245
0 0.100586 0.563690 0.031250 0.155198
0 0.125000 0.590776 0.046875 0.197657
0 0.136230 0.503660 0.018555 0.046852
0 0.158203 0.508785 0.023438 0.062958
0 0.163574 0.513909 0.026367 0.052709
0 0.176270 0.587116 0.049805 0.178624
0 0.205078 0.568082 0.031250 0.155198
0 0.220703 0.557101 0.025391 0.153734
0 0.255371 0.580527 0.045898 0.180088
0 0.295898 0.587848 0.035156 0.165447
0 0.343262 0.583455 0.034180 0.174231
0 0.382813 0.605417 0.046875 0.183016
0 0.432129 0.577599 0.038086 0.159590
0 0.462891 0.601757 0.044922 0.172767
0 0.495117 0.581259 0.029297 0.161054
0 0.511719 0.576135 0.035156 0.136164
0 0.534180 0.551977 0.027344 0.096633
0 0.559082 0.548316 0.036133 0.060029
0 0.579102 0.536603 0.025391 0.065886
0 0.592285 0.524890 0.014648 0.033675
0 0.726074 0.571742 0.049805 0.103953
0 0.770996 0.581259 0.030273 0.120059