1 0.551758 0.497396 0.839844 0.567708
0 0.075684 0.384766 0.079102 0.115885
0 0.136719 0.255859 0.007813 0.022135
0 0.144531 0.270833 0.007813 0.041667
0 0.156738 0.277344 0.012695 0.059896
0 0.168457 0.277995 0.020508 0.063802
0 0.184570 0.343099 0.027344 0.066406
0 0.327637 0.380208 0.176758 0.080729
0 0.339355 0.253255 0.010742 0.016927
0 0.355469 0.250651 0.009766 0.016927
0 0.400879 0.249349 0.012695 0.014323
0 0.517578 0.254557 0.019531 0.027344
0 0.540039 0.259766 0.015625 0.024740
0 0.563477 0.254557 0.013672 0.022135
0 0.579590 0.250000 0.006836 0.013021
0 0.824707 0.258464 0.014648 0.014323
1 0.036621 0.260417 0.026367 0.018229
1 0.828613 0.402995 0.340820 0.279948
1 0.823242 0.289063 0.050781 0.078125
1 0.913574 0.287109 0.094727 0.069010