0 0.934082 0.357639 0.100586 0.506944
1 0.467773 0.586806 0.841797 0.643056
0 0.055176 0.420139 0.110352 0.734722
0 0.108398 0.220139 0.029297 0.079167
0 0.169434 0.210417 0.024414 0.056944
0 0.281250 0.197222 0.035156 0.058333
0 0.327637 0.207639 0.051758 0.062500
0 0.362305 0.219444 0.031250 0.122222
0 0.393555 0.227083 0.041016 0.093056
0 0.465820 0.250000 0.033203 0.116667
0 0.505859 0.253472 0.052734 0.154167
0 0.559082 0.254167 0.036133 0.147222
0 0.588379 0.254167 0.028320 0.111111
0 0.620117 0.252778 0.025391 0.072222
0 0.779297 0.300694 0.089844 0.273611
0 0.844238 0.311806 0.088867 0.254167
1 0.232422 0.295833 0.271484 0.163889
1 0.347656 0.377778 0.501953 0.258333
1 0.194824 0.236806 0.161133 0.084722
1 0.261719 0.322222 0.253906 0.144444