0 0.009277 0.711567 0.018554 0.073206
0 0.026367 0.697657 0.023438 0.080527
0 0.052246 0.743045 0.036133 0.150805
0 0.075195 0.742313 0.025391 0.137628
0 0.076660 0.683748 0.012695 0.038067
0 0.115234 0.740849 0.039063 0.131772
0 0.125000 0.686676 0.015625 0.052709
0 0.167969 0.816984 0.062500 0.237189
0 0.208984 0.817716 0.046875 0.241581
0 0.407227 0.784041 0.044922 0.194729
0 0.400879 0.688873 0.018555 0.074671
0 0.415039 0.679356 0.015625 0.079063
0 0.451172 0.781113 0.044922 0.200586
0 0.452637 0.686676 0.028320 0.055637
0 0.500977 0.882138 0.097656 0.232796
0 0.464844 0.694729 0.013672 0.080527
0 0.468262 0.674231 0.016602 0.054173
0 0.477051 0.704246 0.028320 0.099561
0 0.616699 0.770864 0.057617 0.209370
0 0.652344 0.675695 0.017578 0.062958
0 0.654785 0.665447 0.014648 0.062958
0 0.677734 0.742313 0.048828 0.102489
0 0.667969 0.674231 0.021484 0.071742
0 0.699707 0.732796 0.043945 0.103953
0 0.871094 0.732064 0.033203 0.137628
0 0.887695 0.720351 0.033203 0.155198
1 0.233398 0.719619 0.199219 0.089312
1 0.810547 0.851391 0.376953 0.294290