0 0.229004 0.714410 0.170898 0.564236
0 0.323242 0.676215 0.097656 0.595486
0 0.360840 0.482639 0.073242 0.180556
0 0.487793 0.464410 0.049805 0.119792
0 0.479980 0.362847 0.032227 0.093750
0 0.541016 0.717014 0.068359 0.347222
0 0.614258 0.767361 0.160156 0.458333
0 0.579590 0.467014 0.069336 0.100694
0 0.674316 0.640625 0.129883 0.479167
0 0.867676 0.427083 0.053711 0.107639
0 0.909180 0.431424 0.041016 0.102431
0 0.943359 0.417535 0.035156 0.098958
1 0.239258 0.427083 0.044922 0.055556
1 0.275391 0.420139 0.035156 0.052083
1 0.488281 0.667535 0.261719 0.342014
1 0.391602 0.407986 0.056641 0.048611
1 0.840820 0.665799 0.314453 0.407986