0 0.133789 0.815104 0.091797 0.281250
1 0.314941 0.571615 0.284180 0.179688
0 0.437500 0.460286 0.019531 0.048177
0 0.460449 0.487630 0.018555 0.053385
1 0.029297 0.475260 0.058594 0.052083
1 0.104492 0.443359 0.054688 0.063802
1 0.179688 0.423828 0.046875 0.019531
1 0.333008 0.455729 0.121094 0.049479
1 0.547363 0.447266 0.094727 0.061198
1 0.672852 0.455078 0.027344 0.019531
1 0.696777 0.460286 0.034180 0.045573
1 0.714844 0.479818 0.029297 0.035156
1 0.754883 0.500651 0.058594 0.061198
1 0.958008 0.656250 0.080078 0.093750