0 0.046387 0.538799 0.051758 0.125915
0 0.071777 0.614934 0.077148 0.286969
0 0.145996 0.506589 0.030273 0.049780
0 0.178223 0.504392 0.030273 0.045388
0 0.212402 0.617862 0.018555 0.234261
0 0.241211 0.633968 0.072266 0.325037
0 0.284668 0.519034 0.038086 0.062958
0 0.340332 0.513177 0.047852 0.083455
0 0.379883 0.528551 0.031250 0.067350
0 0.439453 0.666911 0.074219 0.317716
0 0.422852 0.533675 0.029297 0.062958
0 0.492188 0.584187 0.027344 0.158126
0 0.516113 0.588580 0.026367 0.184480
0 0.556641 0.497804 0.005859 0.014641
0 0.563965 0.592972 0.016602 0.184480
0 0.579102 0.570278 0.023438 0.180088
0 0.608398 0.575403 0.023438 0.169839
0 0.626465 0.606881 0.041992 0.226940
0 0.660645 0.565886 0.026367 0.115666
0 0.682617 0.544656 0.025391 0.087848
0 0.700195 0.531479 0.023438 0.067350
0 0.718262 0.521230 0.014648 0.026354
0 0.725098 0.538799 0.018555 0.017570
0 0.725098 0.496340 0.012695 0.029283
0 0.731934 0.520498 0.010742 0.021962
0 0.748535 0.523426 0.024414 0.045388
0 0.749512 0.502196 0.010742 0.029283
0 0.769043 0.515373 0.022461 0.058565
0 0.779297 0.531479 0.027344 0.032211
0 0.794922 0.501464 0.013672 0.024890
0 0.808105 0.532943 0.022461 0.043924
0 0.805176 0.503660 0.010742 0.029283
0 0.833496 0.522694 0.014648 0.029283
0 0.853027 0.521230 0.022461 0.020498
0 0.854492 0.493411 0.015625 0.020498
1 0.744629 0.680820 0.274414 0.281113
1 0.877441 0.614934 0.112305 0.178624
1 0.927246 0.569546 0.102539 0.143485