0 0.003418 0.594993 0.006836 0.038292
0 0.026367 0.591311 0.027344 0.063328
0 0.076172 0.727541 0.107422 0.253314
0 0.049805 0.586156 0.015625 0.032401
0 0.246094 0.635493 0.015625 0.054492
0 0.259766 0.622975 0.021484 0.079529
0 0.337402 0.780560 0.112305 0.344624
0 0.300781 0.592047 0.015625 0.038292
0 0.408203 0.790133 0.128906 0.375552
0 0.549805 0.569956 0.007813 0.029455
0 0.584961 0.574374 0.025391 0.032401
0 0.677246 0.569219 0.012695 0.030928
0 0.793945 0.572901 0.019531 0.041237
0 0.870605 0.652430 0.036133 0.162003
0 0.977051 0.699558 0.043945 0.276878
1 0.077148 0.687040 0.154296 0.148748
1 0.090820 0.642857 0.160156 0.122239
1 0.338379 0.617084 0.114258 0.085420
1 0.424805 0.607511 0.085938 0.069219
1 0.476563 0.598675 0.050781 0.060383
1 0.649902 0.606038 0.096680 0.095729
1 0.702637 0.575847 0.022461 0.023564
1 0.730469 0.585420 0.050781 0.066274