0 0.190430 0.651538 0.058594 0.229231
1 0.624023 0.678462 0.279297 0.252308
0 0.251953 0.550769 0.015625 0.070769
0 0.270508 0.541538 0.019531 0.064615
0 0.390625 0.557692 0.025391 0.044615
0 0.468750 0.546154 0.015625 0.027692
0 0.517090 0.559231 0.024414 0.066154
0 0.547852 0.529231 0.017578 0.036923
0 0.568359 0.600000 0.035156 0.089231
0 0.566895 0.535385 0.014648 0.030769
0 0.590332 0.555385 0.012695 0.080000
0 0.654297 0.623077 0.035156 0.052308
0 0.717773 0.569231 0.019531 0.083077
0 0.733887 0.580000 0.020508 0.104615
0 0.760254 0.530769 0.010742 0.040000
1 0.081543 0.627692 0.143555 0.160000
1 0.182129 0.573846 0.104492 0.123077
1 0.628418 0.530769 0.018555 0.027692
1 0.663086 0.542308 0.025391 0.041538
1 0.715820 0.525385 0.021484 0.020000
1 0.948242 0.560769 0.052734 0.056923
1 0.988770 0.546923 0.018555 0.063077