0 0.140625 0.502212 0.068359 0.364307
0 0.009277 0.509587 0.018554 0.284661
0 0.089844 0.492625 0.037109 0.182891
0 0.240723 0.477139 0.059570 0.266962
0 0.360840 0.532448 0.043945 0.191740
0 0.398438 0.477139 0.039063 0.157817
0 0.432617 0.427729 0.025391 0.126844
0 0.451660 0.437316 0.036133 0.163717
0 0.520020 0.490413 0.088867 0.231563
0 0.779785 0.616519 0.231445 0.560472
1 0.060547 0.289086 0.017578 0.029499
1 0.091797 0.323746 0.031250 0.036873
1 0.439941 0.393805 0.051758 0.050147
1 0.548828 0.370944 0.269531 0.104720
1 0.619141 0.451327 0.263672 0.277286
1 0.769043 0.551622 0.372070 0.407080