1 0.486816 0.617647 0.241211 0.338235
0 0.217773 0.741912 0.158203 0.404412
0 0.189941 0.479412 0.032227 0.061765
0 0.224609 0.480147 0.019531 0.042647
0 0.226563 0.507353 0.017578 0.076471
0 0.368652 0.488971 0.014648 0.060294
0 0.385254 0.480882 0.010742 0.064706
0 0.391602 0.484559 0.013672 0.063235
0 0.408203 0.480147 0.015625 0.066176
0 0.678711 0.484559 0.009766 0.060294
0 0.808105 0.652206 0.239258 0.692647
0 0.699219 0.483824 0.013672 0.064706
0 0.714844 0.479412 0.027344 0.073529
1 0.166992 0.530882 0.136719 0.117647