0 0.777344 0.210938 0.048828 0.140625
1 0.453613 0.400174 0.366211 0.720486
0 0.206055 0.722222 0.339844 0.246528
0 0.513184 0.807292 0.416992 0.381944
0 0.728027 0.208333 0.043945 0.142361
0 0.902832 0.223958 0.026367 0.079861
0 0.969727 0.248264 0.058594 0.100694
1 0.140137 0.253472 0.141602 0.138889
1 0.224609 0.254340 0.089844 0.102431
1 0.268066 0.244792 0.043945 0.076389
1 0.281250 0.260417 0.023438 0.048611
1 0.582031 0.199653 0.042969 0.038194
1 0.752930 0.231771 0.238281 0.112847
1 0.898438 0.209201 0.076172 0.112847
1 0.941406 0.212674 0.023438 0.074653