0 0.397949 0.786969 0.151367 0.373353
0 0.159668 0.725476 0.319336 0.546120
0 0.234863 0.308931 0.018555 0.064422
0 0.298340 0.188873 0.020508 0.070278
0 0.323730 0.197657 0.022461 0.058565
0 0.338379 0.469985 0.034180 0.076135
0 0.349609 0.389458 0.023438 0.070278
0 0.518555 0.859444 0.226563 0.278184
0 0.449707 0.260615 0.018555 0.055637
0 0.476074 0.423865 0.024414 0.054173
0 0.503906 0.105417 0.025391 0.061493
0 0.569336 0.492679 0.031250 0.051245
0 0.593262 0.337482 0.034180 0.039531
0 0.604004 0.491215 0.026367 0.054173
0 0.602051 0.253294 0.020508 0.055637
0 0.630371 0.256955 0.020508 0.048316
0 0.659668 0.344802 0.024414 0.074671
0 0.662598 0.418741 0.018555 0.073206
0 0.666016 0.494143 0.023438 0.054173
0 0.691895 0.398975 0.030273 0.057101
0 0.702637 0.120791 0.020508 0.065886
0 0.776855 0.437042 0.024414 0.060029
0 0.801270 0.204978 0.032227 0.052709
0 0.893555 0.499268 0.027344 0.049780
0 0.934082 0.349927 0.028320 0.055637
1 0.149414 0.693997 0.298828 0.178624
1 0.653809 0.699122 0.391602 0.183016
1 0.821289 0.674231 0.261719 0.185944