1 0.311035 0.875000 0.184570 0.218750
0 0.027344 0.858507 0.054688 0.279514
0 0.027832 0.702257 0.036133 0.109375
0 0.041016 0.821181 0.041016 0.163194
0 0.119629 0.822917 0.038086 0.215278
0 0.157227 0.785590 0.017578 0.098958
0 0.175293 0.780382 0.020508 0.105903
0 0.187500 0.804688 0.021484 0.140625
0 0.210449 0.804688 0.030273 0.168403
0 0.231445 0.791667 0.015625 0.107639
0 0.246582 0.785590 0.026367 0.123264
0 0.300781 0.626736 0.048828 0.232639
0 0.327637 0.741319 0.016602 0.052083
0 0.345215 0.712674 0.020508 0.119792
0 0.355957 0.750868 0.010742 0.039931
0 0.370117 0.755208 0.011719 0.065972
0 0.379883 0.775174 0.017578 0.081597
0 0.431641 0.739583 0.007813 0.024306
0 0.476563 0.837674 0.046875 0.234375
0 0.460938 0.739583 0.007813 0.020833
0 0.482910 0.625000 0.040039 0.211806
0 0.484863 0.740451 0.012695 0.032986
0 0.549316 0.706597 0.014648 0.062500
0 0.658691 0.857639 0.057617 0.281250
0 0.666992 0.372396 0.007813 0.022569
0 0.666992 0.489583 0.007813 0.020833
0 0.711426 0.868924 0.079102 0.258681
0 0.683594 0.426215 0.007813 0.019097
0 0.684082 0.485243 0.008789 0.015625
0 0.685059 0.619792 0.010742 0.024306
0 0.696777 0.364583 0.008789 0.020833
0 0.700195 0.422743 0.011719 0.022569
0 0.700195 0.484375 0.011719 0.024306
0 0.712891 0.481771 0.007813 0.019097
0 0.717773 0.365451 0.007813 0.022569
0 0.726563 0.426215 0.005859 0.019097
0 0.734375 0.486979 0.007813 0.019097
0 0.791016 0.861111 0.089844 0.274306
0 0.929688 0.746528 0.033203 0.055556
0 0.958984 0.746528 0.025391 0.062500
0 0.983398 0.789063 0.031250 0.147569
1 0.454102 0.826389 0.132813 0.152778
1 0.539551 0.810764 0.090820 0.152778
1 0.677246 0.833333 0.196289 0.243056
1 0.861328 0.823785 0.275391 0.234375