1 0.858887 0.355783 0.280273 0.275256
0 0.160156 0.295754 0.099609 0.348463
0 0.222656 0.259883 0.095703 0.235725
0 0.329102 0.215227 0.035156 0.043924
0 0.455566 0.072474 0.026367 0.142020
0 0.482910 0.041728 0.010742 0.051245
0 0.496582 0.045388 0.016602 0.052709
0 0.508789 0.081991 0.013672 0.122987
0 0.523438 0.081259 0.011719 0.106881
0 0.534180 0.248170 0.015625 0.033675
0 0.552734 0.233529 0.050781 0.121523
0 0.545410 0.090776 0.022461 0.120059
0 0.590332 0.235725 0.030273 0.073206
0 0.594727 0.109078 0.021484 0.103953
0 0.791016 0.243777 0.037109 0.092240
0 0.821777 0.231332 0.041992 0.093704
0 0.869141 0.227672 0.031250 0.060029
0 0.978516 0.207174 0.023438 0.030747
1 0.487305 0.500732 0.779297 0.512445
1 0.451172 0.098829 0.042969 0.077599
1 0.505859 0.109810 0.064453 0.055637
1 0.561035 0.125915 0.026367 0.076135
1 0.578613 0.145681 0.014648 0.030747