0 0.304688 0.695040 0.156250 0.360590
0 0.480957 0.733244 0.116211 0.193029
0 0.569336 0.623995 0.031250 0.138070
0 0.598145 0.625335 0.032227 0.132708
0 0.640137 0.694370 0.077148 0.348525
0 0.730957 0.753351 0.116211 0.402145
0 0.789551 0.594504 0.022461 0.079088
0 0.875488 0.579088 0.020508 0.026810
1 0.034180 0.558981 0.031250 0.032172
1 0.059082 0.549598 0.012695 0.032172
1 0.085449 0.557641 0.041992 0.037534
1 0.111816 0.566354 0.022461 0.041555
1 0.139648 0.569705 0.042969 0.053619
1 0.182617 0.573056 0.064453 0.054960
1 0.877930 0.656166 0.232422 0.127346