0 0.228516 0.942383 0.087240 0.099609
0 0.055990 0.846680 0.062500 0.041016
0 0.087891 0.947266 0.084635 0.103516
0 0.078125 0.918945 0.023438 0.033203
0 0.139323 0.947266 0.080729 0.103516
0 0.345703 0.781250 0.016927 0.023438
0 0.452474 0.781738 0.024740 0.032227
0 0.934896 0.835938 0.041667 0.085938
1 0.175130 0.933594 0.350260 0.130859
1 0.375651 0.826660 0.141927 0.067383
1 0.569010 0.925293 0.382813 0.147461
1 0.636068 0.821777 0.175781 0.077148
1 0.875651 0.770020 0.087240 0.038086
1 0.958984 0.810547 0.079427 0.085938