1 0.274902 0.511824 0.143555 0.334459
0 0.028809 0.608108 0.057617 0.709459
0 0.036621 0.380068 0.073242 0.760135
0 0.091797 0.432432 0.044922 0.567568
0 0.109375 0.386824 0.035156 0.523649
0 0.114746 0.478041 0.026367 0.192568
0 0.569336 0.503378 0.074219 0.608108
0 0.690430 0.380068 0.062500 0.597973
0 0.709961 0.464527 0.097656 0.354730
0 0.760254 0.478041 0.034180 0.341216
0 0.794922 0.486486 0.042969 0.398649
0 0.825684 0.483108 0.051758 0.391892
0 0.893555 0.533784 0.041016 0.364865
0 0.963379 0.552365 0.036133 0.307432
1 0.198242 0.516892 0.060547 0.148649
1 0.410156 0.545608 0.101563 0.206081