0 0.275391 0.580904 0.048828 0.199708
0 0.049805 0.537172 0.062500 0.167638
0 0.095703 0.498542 0.027344 0.139942
0 0.133301 0.501458 0.032227 0.139942
0 0.159180 0.469388 0.017578 0.131195
0 0.185547 0.466472 0.031250 0.116618
0 0.218750 0.512391 0.029297 0.150146
0 0.238281 0.548105 0.037109 0.166181
0 0.342285 0.567784 0.043945 0.173469
0 0.387695 0.586735 0.037109 0.182216
0 0.468262 0.573615 0.040039 0.220117
0 0.481445 0.582362 0.041016 0.199708
0 0.535156 0.635569 0.060547 0.215743
0 0.541504 0.605685 0.043945 0.228863
0 0.580078 0.582362 0.023438 0.199708
0 0.610840 0.569242 0.047852 0.196793
0 0.655762 0.550292 0.038086 0.176385
0 0.704102 0.532070 0.031250 0.151603
0 0.762207 0.744169 0.049805 0.298834
0 0.755859 0.489067 0.029297 0.068513
0 0.774902 0.473761 0.036133 0.072886
0 0.789063 0.596939 0.046875 0.103499
0 0.813477 0.658892 0.054688 0.122449
0 0.805664 0.446793 0.017578 0.088921
0 0.821289 0.575802 0.033203 0.134111
0 0.826660 0.439504 0.022461 0.059767
0 0.912598 0.629009 0.151367 0.132653
0 0.922852 0.778426 0.074219 0.102041
0 0.905273 0.612245 0.031250 0.163265
0 0.937500 0.588921 0.046875 0.157434
0 0.944336 0.627551 0.048828 0.115160
0 0.977539 0.633382 0.041016 0.115160
0 0.983887 0.512391 0.028320 0.071429
0 0.985840 0.564869 0.024414 0.088921
1 0.841797 0.542274 0.269531 0.174927
1 0.876953 0.827259 0.242188 0.293003