0 0.445313 0.569111 0.193359 0.715092
1 0.430664 0.516925 0.730469 0.771509
0 0.032715 0.554302 0.045898 0.197461
0 0.169922 0.590268 0.074219 0.486601
0 0.405273 0.619887 0.060547 0.602257
0 0.715820 0.606488 0.126953 0.471086
0 0.869629 0.447814 0.041992 0.074753
0 0.929199 0.590973 0.057617 0.115656
0 0.937988 0.480959 0.034180 0.160790
0 0.968750 0.467560 0.060547 0.196051
1 0.040527 0.032440 0.081054 0.064880
1 0.077148 0.252468 0.154296 0.101551
1 0.156738 0.036671 0.122070 0.062059
1 0.216797 0.242595 0.101563 0.090268
1 0.271484 0.044429 0.113281 0.063470
1 0.382813 0.045839 0.109375 0.063470
1 0.449219 0.170663 0.054688 0.019746
1 0.498535 0.050776 0.110352 0.067701
1 0.582031 0.197461 0.130859 0.090268
1 0.625977 0.044429 0.138672 0.077574
1 0.712891 0.187588 0.142578 0.098731
1 0.745117 0.052891 0.113281 0.069111
1 0.851074 0.173484 0.137695 0.098731
1 0.851074 0.052186 0.106445 0.062059
1 0.953125 0.060649 0.091797 0.067701
1 0.957520 0.157264 0.083008 0.069111