0 0.724609 0.854980 0.337240 0.270508
1 0.360677 0.440918 0.255208 0.124023
0 0.066406 0.712891 0.130208 0.572266
0 0.151042 0.536621 0.138021 0.143555
0 0.264323 0.769531 0.346354 0.458984
0 0.188151 0.466309 0.063802 0.061523
0 0.353516 0.738770 0.175781 0.243164
0 0.434896 0.828125 0.338542 0.341797
0 0.317708 0.578125 0.062500 0.089844
1 0.071615 0.374512 0.031250 0.034180
1 0.113281 0.385742 0.031250 0.033203
1 0.145182 0.392578 0.055990 0.046875
1 0.251953 0.402344 0.069010 0.058594
1 0.870443 0.521973 0.256510 0.211914