0 0.020020 0.483871 0.040039 0.087977
0 0.045898 0.464076 0.044922 0.139296
0 0.089355 0.445748 0.040039 0.184751
0 0.128906 0.524194 0.054688 0.195015
0 0.206543 0.484604 0.045898 0.112903
0 0.228516 0.441349 0.027344 0.155425
0 0.247559 0.465543 0.043945 0.130499
0 0.258789 0.428152 0.037109 0.164223
0 0.317871 0.332845 0.049805 0.082111
0 0.312012 0.444282 0.028320 0.087977
0 0.466309 0.480205 0.051758 0.186217
0 0.477051 0.463343 0.038086 0.134897
0 0.520508 0.530059 0.056641 0.197947
0 0.521973 0.434751 0.041992 0.060117
0 0.542480 0.219941 0.028320 0.058651
0 0.558105 0.599707 0.047852 0.167155
0 0.565430 0.462610 0.044922 0.124633
0 0.595215 0.738270 0.043945 0.039589
0 0.596191 0.433284 0.022461 0.060117
0 0.618164 0.439150 0.042969 0.068915
0 0.630859 0.495601 0.046875 0.096774
0 0.651367 0.447947 0.025391 0.107038
0 0.703613 0.276393 0.043945 0.063050
0 0.756836 0.536657 0.052734 0.164223
0 0.741211 0.279326 0.015625 0.033724
0 0.756348 0.239736 0.041992 0.098240
0 0.773438 0.266129 0.044922 0.086510
0 0.780762 0.467742 0.045898 0.093842
0 0.791016 0.604839 0.050781 0.180352
0 0.847656 0.497801 0.060547 0.095308
0 0.852051 0.285191 0.034180 0.054252
0 0.877441 0.263930 0.026367 0.064516
0 0.902344 0.551320 0.074219 0.143695
1 0.344727 0.587977 0.378906 0.161290
1 0.590820 0.744868 0.443359 0.120235
1 0.922852 0.686950 0.152344 0.183284