0 0.800781 0.707906 0.099609 0.358712
0 0.021973 0.705710 0.043945 0.216691
0 0.053223 0.704246 0.030273 0.204978
0 0.074219 0.689605 0.035156 0.210835
0 0.106934 0.697657 0.059570 0.232796
0 0.158691 0.699122 0.034180 0.215227
0 0.193848 0.711567 0.036133 0.178624
0 0.229980 0.702050 0.038086 0.209370
0 0.257324 0.702782 0.030273 0.190337
0 0.290039 0.693265 0.035156 0.203514
0 0.321777 0.708638 0.040039 0.196193
0 0.342285 0.688873 0.026367 0.191801
0 0.379883 0.696193 0.048828 0.221083
0 0.401367 0.638360 0.037109 0.102489
0 0.434082 0.606149 0.041992 0.079063
0 0.478027 0.598829 0.045898 0.064422
0 0.523438 0.593704 0.048828 0.080527
0 0.641113 0.576135 0.032227 0.089312
0 0.673340 0.620791 0.053711 0.193265
1 0.534180 0.755490 0.367188 0.263543