0 0.053223 0.581380 0.049805 0.131510
0 0.299316 0.398438 0.049805 0.046875
0 0.515137 0.358073 0.149414 0.182292
0 0.459473 0.306641 0.014648 0.027344
0 0.610840 0.311849 0.014648 0.027344
0 0.768066 0.321615 0.108398 0.299479
0 0.824707 0.436849 0.032227 0.079427
0 0.851563 0.450521 0.027344 0.078125
0 0.878418 0.455729 0.032227 0.091146
0 0.884277 0.315104 0.022461 0.072917
0 0.901367 0.463542 0.031250 0.091146
0 0.914063 0.323568 0.023438 0.074219
0 0.929199 0.447917 0.024414 0.104167
0 0.942383 0.427083 0.023438 0.083333
0 0.959961 0.430339 0.017578 0.102865
0 0.964355 0.337891 0.022461 0.061198
0 0.984863 0.436198 0.026367 0.093750
0 0.992188 0.438802 0.013672 0.106771
1 0.550293 0.554036 0.622070 0.696615
1 0.403320 0.293620 0.041016 0.019531