1 0.597656 0.688141 0.306641 0.368960
0 0.054688 0.455344 0.044922 0.131772
0 0.115234 0.420937 0.029297 0.071742
0 0.128906 0.420937 0.019531 0.065886
0 0.137695 0.437775 0.023438 0.058565
0 0.146973 0.434114 0.028320 0.054173
0 0.182129 0.431918 0.020508 0.058565
0 0.186035 0.394583 0.022461 0.045388
0 0.192871 0.438507 0.016602 0.060029
0 0.211426 0.462665 0.032227 0.090776
0 0.212402 0.428258 0.022461 0.051245
0 0.230957 0.486823 0.032227 0.177160
0 0.249023 0.505857 0.060547 0.209370
0 0.266113 0.393119 0.014648 0.036603
0 0.273438 0.513177 0.021484 0.209370
0 0.309570 0.411420 0.011719 0.046852
0 0.318848 0.408492 0.006836 0.058565
0 0.351563 0.415813 0.019531 0.064422
0 0.375977 0.418009 0.013672 0.054173
0 0.403320 0.447291 0.037109 0.112738
0 0.425781 0.614202 0.068359 0.226940
0 0.609863 0.434114 0.030273 0.054173
0 0.764648 0.773060 0.244141 0.450952
0 0.706543 0.530747 0.047852 0.127379
0 0.742188 0.528551 0.058594 0.178624
0 0.779297 0.415813 0.037109 0.049780
1 0.204590 0.771596 0.407227 0.453880
1 0.130859 0.603221 0.193359 0.240117
1 0.138184 0.486823 0.137695 0.060029
1 0.339844 0.514641 0.117188 0.168375
1 0.410645 0.578331 0.180664 0.243045
1 0.519043 0.482430 0.127930 0.109810
1 0.634766 0.530015 0.160156 0.140556
1 0.688477 0.453148 0.148438 0.089312
1 0.805176 0.464861 0.139648 0.071742
1 0.881836 0.575403 0.234375 0.163982
1 0.893555 0.799414 0.210938 0.398243
1 0.914063 0.476574 0.164063 0.074671
1 0.983398 0.535871 0.031250 0.067350