0 0.109863 0.532986 0.061523 0.388889
0 0.137695 0.264757 0.013672 0.060764
0 0.150879 0.276042 0.012695 0.038194
0 0.174805 0.272569 0.011719 0.041667
0 0.288574 0.237847 0.008789 0.052083
0 0.296387 0.236979 0.006836 0.036458
0 0.303223 0.236111 0.004883 0.041667
0 0.310059 0.238715 0.008789 0.039931
0 0.488281 0.454861 0.064453 0.309028
0 0.574219 0.629340 0.097656 0.508681
0 0.845215 0.454861 0.096680 0.406250
1 0.236328 0.224826 0.029297 0.036458
1 0.279297 0.239583 0.027344 0.038194
1 0.389160 0.240451 0.043945 0.029514
1 0.555176 0.239583 0.063477 0.038194
1 0.581543 0.223090 0.020508 0.022569
1 0.672852 0.313368 0.156250 0.123264
1 0.650391 0.223090 0.054688 0.026042
1 0.647461 0.235243 0.042969 0.046875
1 0.714844 0.230035 0.041016 0.039931
1 0.773438 0.249132 0.078125 0.043403