0 0.744141 0.538971 0.238281 0.919118
1 0.561035 0.578676 0.698242 0.792647
0 0.023926 0.161029 0.010742 0.025000
0 0.122070 0.186029 0.021484 0.092647
0 0.319336 0.763235 0.072266 0.047059
0 0.369629 0.677941 0.038086 0.076471
0 0.504395 0.735294 0.131836 0.194118
0 0.494629 0.325000 0.086914 0.379412
0 0.534180 0.866912 0.027344 0.101471
0 0.579102 0.855147 0.029297 0.116176
1 0.044922 0.212500 0.087891 0.083824
1 0.092285 0.205882 0.043945 0.067647
1 0.121582 0.191912 0.036133 0.039706
1 0.137695 0.164706 0.025391 0.029412
1 0.160156 0.205147 0.064453 0.063235
1 0.185547 0.139706 0.017578 0.020588
1 0.197754 0.175735 0.030273 0.039706
1 0.197266 0.133088 0.009766 0.013235
1 0.219727 0.158824 0.029297 0.035294
1 0.238281 0.146324 0.029297 0.027941
1 0.236816 0.126471 0.008789 0.014706
1 0.276855 0.191912 0.084961 0.051471
1 0.249512 0.137500 0.008789 0.016176
1 0.275391 0.154412 0.021484 0.032353
1 0.271973 0.130147 0.008789 0.007353
1 0.279297 0.122794 0.007813 0.013235
1 0.287109 0.145588 0.017578 0.023529
1 0.298340 0.141176 0.012695 0.017647
1 0.313965 0.161029 0.018555 0.025000
1 0.325684 0.162500 0.014648 0.022059
1 0.428711 0.304412 0.220703 0.232353
1 0.350098 0.204412 0.055664 0.067647
1 0.342285 0.164706 0.026367 0.029412
1 0.541016 0.246324 0.173828 0.227941
1 0.622070 0.207353 0.085938 0.050000
1 0.812012 0.338235 0.372070 0.258824