0 0.079590 0.483073 0.086914 0.304688
0 0.276367 0.395182 0.021484 0.050781
0 0.339355 0.421224 0.030273 0.100260
0 0.351563 0.363281 0.013672 0.028646
0 0.425293 0.386068 0.020508 0.022135
0 0.440918 0.365885 0.012695 0.023438
0 0.497559 0.363932 0.020508 0.053385
0 0.507324 0.399089 0.030273 0.095052
0 0.535645 0.393229 0.024414 0.088542
0 0.542480 0.353516 0.008789 0.014323
0 0.561035 0.378906 0.026367 0.065104
0 0.587402 0.380859 0.016602 0.032552
0 0.619141 0.342448 0.054688 0.114583
0 0.657715 0.354818 0.024414 0.022135
0 0.668457 0.427083 0.014648 0.020833
0 0.697754 0.288411 0.067383 0.097656
0 0.706543 0.391927 0.067383 0.145833
0 0.749512 0.412760 0.014648 0.020833
1 0.417480 0.404297 0.083008 0.084635