0 0.047852 0.256204 0.054688 0.176642
0 0.124023 0.398540 0.097656 0.335766
0 0.193848 0.366423 0.069336 0.332847
0 0.262695 0.054015 0.054688 0.108029
0 0.354492 0.231387 0.082031 0.173723
0 0.385254 0.286131 0.055664 0.084672
0 0.398926 0.217518 0.059570 0.186861
0 0.442383 0.205839 0.066406 0.181022
0 0.500488 0.197080 0.049805 0.198540
0 0.585449 0.229927 0.045898 0.135766
0 0.625488 0.206569 0.049805 0.109489
0 0.650391 0.270803 0.093750 0.211679
0 0.831543 0.202190 0.065430 0.202920
0 0.936035 0.183212 0.112305 0.229197
1 0.489258 0.429197 0.628906 0.277372