0 0.932129 0.530059 0.079102 0.458944
0 0.069824 0.469941 0.036133 0.180352
0 0.320801 0.513930 0.067383 0.104106
0 0.493652 0.473607 0.112305 0.137830
0 0.493652 0.354106 0.026367 0.016129
0 0.533691 0.365103 0.026367 0.017595
0 0.564941 0.381232 0.026367 0.070381
0 0.751465 0.423021 0.038086 0.098240
0 0.791016 0.442082 0.042969 0.115836
0 0.816895 0.548387 0.069336 0.340176
0 0.896973 0.527126 0.059570 0.388563
0 0.969238 0.524927 0.053711 0.337243
0 0.989746 0.573314 0.018555 0.384164
1 0.064453 0.442815 0.128906 0.196481
1 0.096191 0.503666 0.040039 0.109971
1 0.435547 0.651760 0.677734 0.590909
1 0.668945 0.545455 0.345703 0.246334