1 0.743652 0.184480 0.102539 0.117130
0 0.027344 0.403367 0.054688 0.156662
0 0.041016 0.344802 0.017578 0.045388
0 0.167480 0.465593 0.059570 0.096633
0 0.219727 0.333821 0.031250 0.049780
0 0.254883 0.320644 0.041016 0.067350
0 0.304199 0.469253 0.057617 0.095168
0 0.473633 0.426061 0.044922 0.169839
0 0.524414 0.428990 0.046875 0.163982
0 0.545410 0.355783 0.014648 0.038067
0 0.558105 0.429722 0.040039 0.174231
0 0.586914 0.427526 0.037109 0.161054
0 0.797363 0.413616 0.079102 0.177160
0 0.803223 0.406296 0.069336 0.156662
0 0.872070 0.359444 0.058594 0.130307
0 0.876465 0.360176 0.047852 0.163982
0 0.968262 0.401171 0.061523 0.178624
0 0.969727 0.397511 0.058594 0.133236
0 0.989258 0.097365 0.019531 0.112738
1 0.237793 0.602489 0.438477 0.458272
1 0.172363 0.308931 0.125977 0.143485
1 0.399902 0.076867 0.098633 0.109810
1 0.613281 0.383602 0.119141 0.152269
1 0.944824 0.325769 0.108398 0.121523