0 0.063477 0.571010 0.078125 0.111274
0 0.151367 0.537335 0.066406 0.099561
0 0.207031 0.530747 0.056641 0.106881
0 0.231934 0.519034 0.045898 0.103953
0 0.293945 0.533675 0.050781 0.077599
0 0.338379 0.521962 0.051758 0.101025
0 0.363281 0.478038 0.039063 0.080527
0 0.387695 0.509517 0.033203 0.111274
0 0.421387 0.532211 0.051758 0.068814
0 0.490234 0.508053 0.068359 0.114202
0 0.553711 0.506589 0.050781 0.102489
0 0.610840 0.506589 0.073242 0.105417
0 0.639160 0.501464 0.043945 0.077599
0 0.704590 0.515373 0.047852 0.087848
0 0.733887 0.528551 0.047852 0.073206
0 0.787109 0.524158 0.078125 0.084919
0 0.818359 0.503660 0.035156 0.081991
1 0.885742 0.703514 0.226563 0.426061