1 0.667480 0.935547 0.276367 0.126302
0 0.240234 0.723958 0.021484 0.067708
0 0.351563 0.885417 0.025391 0.078125
0 0.366211 0.705078 0.027344 0.069010
0 0.510742 0.889323 0.015625 0.062500
0 0.555664 0.929036 0.031250 0.139323
0 0.586426 0.870443 0.014648 0.027344
0 0.601074 0.864583 0.016602 0.015625
0 0.616211 0.863281 0.011719 0.020833
0 0.686035 0.897786 0.034180 0.076823
0 0.744141 0.896484 0.029297 0.066406
0 0.779297 0.903646 0.035156 0.036458
0 0.801270 0.900391 0.014648 0.040365
0 0.937988 0.910156 0.026367 0.091146
0 0.973633 0.899740 0.017578 0.049479
1 0.077148 0.891276 0.154296 0.118490
1 0.116211 0.860677 0.062500 0.044271
1 0.225586 0.889323 0.177734 0.085938
1 0.521484 0.962240 0.074219 0.072917
1 0.924805 0.943359 0.148438 0.110677