0 0.404297 0.660584 0.070313 0.328467
0 0.050293 0.677372 0.077148 0.321168
0 0.101563 0.647445 0.072266 0.281752
0 0.151855 0.686131 0.083008 0.324088
0 0.276367 0.760584 0.113281 0.467153
0 0.495117 0.659854 0.056641 0.274453
0 0.507813 0.607299 0.033203 0.192701
0 0.564941 0.592701 0.026367 0.148905
0 0.620117 0.592701 0.044922 0.157664
0 0.661133 0.602190 0.031250 0.147445
0 0.668945 0.597810 0.042969 0.170803
0 0.682617 0.603650 0.025391 0.135766
0 0.954102 0.708759 0.089844 0.372263
1 0.047363 0.904380 0.094726 0.188321
1 0.556152 0.581752 0.196289 0.118248
1 0.796387 0.624818 0.100586 0.145985
1 0.887207 0.700730 0.223633 0.265693