1 0.421875 0.630208 0.574219 0.567708
0 0.096191 0.380859 0.053711 0.222656
0 0.153320 0.391927 0.050781 0.200521
0 0.208984 0.413411 0.060547 0.287760
0 0.212891 0.401042 0.025391 0.208333
0 0.261719 0.328125 0.058594 0.096354
0 0.292969 0.304036 0.031250 0.040365
0 0.604492 0.430990 0.085938 0.200521
0 0.625488 0.369141 0.026367 0.045573
0 0.658203 0.429036 0.064453 0.264323
0 0.738770 0.406901 0.038086 0.061198
0 0.767578 0.406901 0.019531 0.040365
0 0.879395 0.630859 0.239258 0.735677
0 0.806641 0.440104 0.056641 0.158854
0 0.829590 0.428385 0.040039 0.164063
0 0.844238 0.435547 0.036133 0.154948
0 0.871094 0.389323 0.031250 0.070313
0 0.923828 0.399089 0.076172 0.175781