0 0.451172 0.774809 0.064453 0.231552
1 0.856934 0.830789 0.217773 0.312977
0 0.204102 0.773537 0.064453 0.206107
0 0.255371 0.767176 0.038086 0.119593
0 0.276855 0.764631 0.041992 0.183206
0 0.275391 0.485369 0.027344 0.041985
0 0.339355 0.740458 0.040039 0.152672
0 0.373535 0.743639 0.034180 0.148855
0 0.415527 0.757634 0.071289 0.197201
0 0.504395 0.741094 0.032227 0.141221
0 0.536133 0.767176 0.031250 0.055980
0 0.628906 0.755089 0.037109 0.179389
0 0.646973 0.749364 0.051758 0.180662
0 0.676758 0.730280 0.023438 0.094148
0 0.975586 0.722646 0.046875 0.099237
1 0.552734 0.737913 0.109375 0.106870