0 0.162109 0.397403 0.060547 0.179221
0 0.211914 0.586364 0.126953 0.590909
0 0.358887 0.562987 0.155273 0.557143
0 0.380371 0.335065 0.022461 0.023377
0 0.469238 0.558442 0.131836 0.566234
0 0.426758 0.338961 0.019531 0.025974
0 0.530762 0.348701 0.032227 0.055844
0 0.566406 0.564286 0.101563 0.476623
0 0.656738 0.579221 0.112305 0.563636
0 0.622559 0.369481 0.041992 0.066234
0 0.683105 0.346753 0.024414 0.023377
0 0.692871 0.341558 0.022461 0.044156
0 0.756348 0.583117 0.118164 0.610390
0 0.733398 0.344156 0.021484 0.025974
0 0.793457 0.351299 0.018555 0.014286
0 0.933105 0.405844 0.034180 0.123377
1 0.013184 0.329221 0.026367 0.068831
1 0.026855 0.520130 0.053710 0.180519
1 0.039551 0.337662 0.020508 0.051948
1 0.080078 0.338312 0.052734 0.045455
1 0.149902 0.398052 0.098633 0.102597
1 0.282227 0.538312 0.363281 0.370130
1 0.812500 0.560390 0.373047 0.398701
1 0.907227 0.355844 0.093750 0.036364
1 0.969238 0.483117 0.053711 0.109091
1 0.972656 0.373377 0.052734 0.040260