0 0.083496 0.508053 0.061523 0.257687
0 0.029785 0.576867 0.059570 0.459736
0 0.020508 0.432650 0.005859 0.024890
0 0.033203 0.444363 0.011719 0.051245
0 0.183594 0.483163 0.023438 0.178624
0 0.199219 0.499268 0.033203 0.169839
0 0.201172 0.487555 0.037109 0.178624
0 0.230469 0.489751 0.031250 0.156662
0 0.248047 0.494876 0.031250 0.155198
0 0.258789 0.478770 0.021484 0.128843
0 0.272461 0.483163 0.025391 0.128843
0 0.413086 0.427526 0.013672 0.029283
0 0.429199 0.437775 0.018555 0.035139
0 0.499512 0.472914 0.016602 0.117130
0 0.542480 0.472914 0.030273 0.102489
0 0.559570 0.472914 0.015625 0.108346
0 0.627930 0.498536 0.041016 0.171303
0 0.670410 0.508053 0.053711 0.178624
0 0.706543 0.502928 0.030273 0.171303
0 0.811035 0.486823 0.018555 0.112738
1 0.324219 0.458272 0.267578 0.161054