1 0.383301 0.620206 0.274414 0.196165
0 0.123535 0.746313 0.098633 0.221239
0 0.314453 0.497788 0.050781 0.063422
0 0.404297 0.403392 0.035156 0.104720
0 0.438965 0.438053 0.041992 0.117994
0 0.468750 0.433628 0.033203 0.132743
0 0.541016 0.859145 0.044922 0.243363
0 0.583496 0.867994 0.065430 0.261062
0 0.586426 0.314897 0.020508 0.081121
0 0.860840 0.363569 0.034180 0.104720
0 0.895508 0.439528 0.042969 0.094395
1 0.132324 0.377581 0.137695 0.094395
1 0.514160 0.369469 0.137695 0.110619
1 0.693848 0.637168 0.250977 0.194690
1 0.781738 0.488938 0.125977 0.119469
1 0.854492 0.546460 0.154297 0.154867