0 0.628906 0.150000 0.076172 0.241176
1 0.580078 0.472794 0.720703 0.516176
0 0.028809 0.024265 0.024414 0.048529
0 0.038574 0.038235 0.028320 0.032353
0 0.063477 0.025735 0.027344 0.051470
0 0.235352 0.018382 0.019531 0.036764
0 0.327148 0.057353 0.042969 0.091176
0 0.417969 0.213971 0.058594 0.289706
0 0.438965 0.013235 0.012695 0.026470
0 0.489746 0.014706 0.020508 0.029412
0 0.574707 0.013235 0.016602 0.026470
0 0.634277 0.310294 0.081055 0.126471
0 0.647949 0.008088 0.018555 0.016176
0 0.680664 0.005882 0.019531 0.011764
0 0.776367 0.008824 0.021484 0.017647
0 0.902832 0.149265 0.110352 0.286765
0 0.913574 0.146324 0.122070 0.283824
0 0.976074 0.095588 0.045898 0.179412
0 0.982910 0.051471 0.032227 0.102941
1 0.034668 0.278676 0.069336 0.145588