0 0.098145 0.254772 0.127930 0.509544
1 0.532227 0.522026 0.646484 0.653451
0 0.309082 0.092511 0.063477 0.185022
0 0.474121 0.162996 0.110352 0.190896
0 0.570801 0.126285 0.065430 0.164464
0 0.718262 0.181351 0.116211 0.362702
0 0.774414 0.187225 0.074219 0.374449
0 0.862305 0.043319 0.035156 0.086637
0 0.924805 0.245228 0.103516 0.490455
1 0.294922 0.061674 0.125000 0.114537
1 0.495117 0.060940 0.156250 0.107195
1 0.655762 0.066079 0.114258 0.099853
1 0.884277 0.230543 0.229492 0.229075
1 0.900391 0.093245 0.197266 0.130690