1 0.918945 0.565886 0.123047 0.109810
0 0.001953 0.560761 0.003906 0.043924
0 0.016113 0.565886 0.014648 0.054173
0 0.022949 0.552709 0.010742 0.045388
0 0.089355 0.708638 0.069336 0.307467
0 0.070801 0.550512 0.014648 0.038067
0 0.147461 0.595900 0.017578 0.090776
0 0.166992 0.587848 0.025391 0.092240
0 0.235352 0.579063 0.033203 0.068814
0 0.274902 0.633968 0.032227 0.190337
0 0.291016 0.634700 0.039063 0.191801
0 0.374512 0.564422 0.006836 0.065886
0 0.395508 0.580527 0.039063 0.077599
0 0.473145 0.565886 0.018555 0.068814
0 0.611816 0.549780 0.006836 0.036603
0 0.622559 0.553441 0.012695 0.043924
0 0.641602 0.561493 0.017578 0.062958
0 0.711914 0.565154 0.029297 0.067350
0 0.786133 0.568082 0.027344 0.076135
0 0.851563 0.549780 0.017578 0.051245
0 0.970215 0.579063 0.049805 0.098097
1 0.330566 0.562958 0.040039 0.042460