0 0.674316 0.606569 0.053711 0.109489
0 0.005859 0.665693 0.011718 0.172263
0 0.027344 0.651095 0.031250 0.125547
0 0.275391 0.699270 0.056641 0.236496
0 0.353027 0.688321 0.106445 0.223358
0 0.447754 0.656204 0.083008 0.223358
0 0.649902 0.600730 0.026367 0.074453
0 0.920410 0.821168 0.157227 0.354745
0 0.931152 0.583212 0.012695 0.030657
0 0.951660 0.583212 0.014648 0.036496
0 0.966309 0.583212 0.014648 0.030657
0 0.983887 0.597810 0.030273 0.106569
1 0.257324 0.702920 0.504883 0.232117
1 0.044434 0.626277 0.069336 0.049635
1 0.095703 0.630657 0.060547 0.072993
1 0.558105 0.809489 0.881836 0.378102
1 0.218750 0.623358 0.060547 0.049635
1 0.303223 0.624088 0.028320 0.045255
1 0.941895 0.622628 0.034180 0.021898