0 0.652832 0.549479 0.133789 0.424479
0 0.028320 0.471354 0.056640 0.234375
0 0.050781 0.452474 0.037109 0.256510
0 0.084961 0.442057 0.052734 0.194010
0 0.127930 0.391276 0.037109 0.118490
0 0.175293 0.384766 0.040039 0.123698
0 0.205078 0.393880 0.027344 0.123698
0 0.234863 0.378906 0.032227 0.122396
0 0.255371 0.385417 0.024414 0.104167
0 0.268066 0.371094 0.020508 0.117188
0 0.294922 0.361328 0.027344 0.102865
0 0.393066 0.509115 0.172852 0.406250
0 0.523438 0.397135 0.062500 0.223958
0 0.597656 0.330729 0.070313 0.156250
1 0.436523 0.321615 0.130859 0.067708
1 0.636230 0.372396 0.196289 0.234375