1 0.153809 0.909150 0.250977 0.152941
0 0.197266 0.947712 0.332031 0.049673
0 0.177734 0.941176 0.085938 0.115033
0 0.320801 0.880392 0.016602 0.074510
0 0.351074 0.907190 0.026367 0.031373
0 0.364746 0.886928 0.028320 0.087582
0 0.382813 0.893464 0.007813 0.084967
0 0.392090 0.896078 0.010742 0.095425
0 0.416504 0.890196 0.002930 0.086275
0 0.493652 0.870588 0.028320 0.067974
0 0.541992 0.896078 0.039063 0.090196
0 0.902344 0.930719 0.054688 0.135948
1 0.040039 0.851634 0.080078 0.071895
1 0.882813 0.892810 0.140625 0.107190
1 0.975098 0.910458 0.047852 0.082353
1 0.990723 0.960784 0.016602 0.060131