0 0.422363 0.404337 0.374023 0.451531
1 0.785645 0.253827 0.155273 0.104592
0 0.118164 0.250000 0.025391 0.122449
0 0.150879 0.272321 0.024414 0.118622
0 0.462891 0.239796 0.042969 0.086735
0 0.493652 0.236607 0.036133 0.095663
0 0.563965 0.271046 0.041992 0.205357
0 0.616699 0.276148 0.043945 0.207908
0 0.676758 0.278061 0.058594 0.191327
1 0.142578 0.262755 0.074219 0.107143
1 0.284180 0.280612 0.046875 0.053571
1 0.535645 0.246811 0.047852 0.075255
1 0.897949 0.240434 0.081055 0.116071
1 0.962891 0.247449 0.072266 0.130102