0 0.535645 0.773046 0.090820 0.316219
0 0.046875 0.749125 0.052734 0.287048
0 0.157715 0.765461 0.059570 0.305718
0 0.221191 0.449242 0.045898 0.072345
0 0.273438 0.505251 0.058594 0.123687
0 0.312012 0.591015 0.086914 0.124854
0 0.354980 0.767795 0.096680 0.287048
0 0.357422 0.517503 0.037109 0.103851
0 0.387695 0.521004 0.037109 0.061844
0 0.390625 0.578763 0.042969 0.086348
0 0.394043 0.421237 0.036133 0.074679
0 0.417969 0.754959 0.048828 0.235706
0 0.431152 0.505251 0.041992 0.079347
0 0.466309 0.511669 0.036133 0.096849
0 0.484375 0.723454 0.060547 0.235706
0 0.547852 0.512835 0.029297 0.045508
0 0.567871 0.713536 0.049805 0.201867
0 0.586426 0.501750 0.034180 0.086348
0 0.629883 0.742707 0.072266 0.241540
0 0.629395 0.495916 0.051758 0.074679
0 0.663574 0.492415 0.032227 0.053676
0 0.688965 0.690198 0.053711 0.264877
0 0.701172 0.493582 0.039063 0.070012
0 0.720703 0.683197 0.064453 0.262544
0 0.764648 0.677946 0.041016 0.235706
0 0.793457 0.621937 0.030273 0.154026
0 0.843262 0.697200 0.051758 0.206534
0 0.866699 0.746208 0.083008 0.262544
0 0.910645 0.688448 0.030273 0.128355
0 0.944336 0.762544 0.064453 0.250875
1 0.226563 0.717036 0.302734 0.334889