0 0.215332 0.681552 0.051758 0.183016
0 0.241211 0.683748 0.060547 0.240117
0 0.305664 0.681552 0.041016 0.250366
0 0.339355 0.675695 0.045898 0.224012
0 0.395020 0.674963 0.034180 0.149341
0 0.444336 0.641288 0.066406 0.049780
0 0.460938 0.674231 0.017578 0.115666
0 0.497559 0.674231 0.024414 0.118594
0 0.550781 0.675695 0.042969 0.226940
0 0.606445 0.674231 0.021484 0.068814
0 0.644043 0.666911 0.036133 0.139092
0 0.691895 0.672035 0.040039 0.120059
0 0.732910 0.648609 0.026367 0.128843
1 0.882813 0.657394 0.025391 0.014641