0 0.385254 0.834548 0.055664 0.190962
0 0.014160 0.345481 0.022461 0.061224
0 0.032227 0.319242 0.013672 0.064140
0 0.070313 0.297376 0.019531 0.046647
0 0.110840 0.700437 0.051758 0.132653
0 0.160156 0.266035 0.015625 0.051020
0 0.192871 0.637755 0.040039 0.126822
0 0.240234 0.600583 0.031250 0.119534
0 0.266113 0.540816 0.016602 0.099125
0 0.378906 0.617347 0.037109 0.129738
0 0.384766 0.361516 0.013672 0.072886
0 0.415527 0.368076 0.022461 0.059767
0 0.427734 0.320700 0.011719 0.040816
0 0.443359 0.358601 0.019531 0.061224
0 0.537109 0.650146 0.041016 0.137026
0 0.574219 0.330175 0.009766 0.042274
0 0.599121 0.329446 0.020508 0.043732
0 0.616699 0.662536 0.036133 0.135569
0 0.608398 0.290087 0.009766 0.037901
0 0.640137 0.634111 0.024414 0.134111
0 0.666992 0.644315 0.015625 0.139942
0 0.675781 0.362245 0.011719 0.042274
0 0.702637 0.645773 0.036133 0.131195
0 0.700684 0.379009 0.018555 0.075802
0 0.722168 0.709184 0.043945 0.144315
0 0.750000 0.360058 0.015625 0.058309
0 0.771484 0.355685 0.011719 0.064140
0 0.803223 0.650146 0.032227 0.139942
1 0.499023 0.451166 0.171875 0.100583
1 0.459961 0.196064 0.054688 0.030612
1 0.541992 0.201166 0.054688 0.034985
1 0.831055 0.462828 0.173828 0.097668