0 0.471680 0.734375 0.115234 0.281250
0 0.059570 0.608073 0.033203 0.046875
0 0.100098 0.653646 0.024414 0.127604
0 0.153320 0.628906 0.013672 0.078125
0 0.168945 0.628255 0.019531 0.076823
0 0.246094 0.630859 0.039063 0.084635
0 0.369141 0.621745 0.017578 0.053385
0 0.540039 0.662109 0.037109 0.162760
0 0.763672 0.604818 0.015625 0.035156
0 0.855957 0.580729 0.014648 0.023438
1 0.401855 0.622396 0.045898 0.041667
1 0.467773 0.636068 0.091797 0.061198
1 0.601563 0.630859 0.027344 0.045573
1 0.651855 0.645833 0.098633 0.104167
1 0.714355 0.699870 0.168945 0.173177
1 0.887207 0.747396 0.223633 0.315104