0 0.303711 0.508464 0.044922 0.162760
0 0.715820 0.436198 0.021484 0.057292
0 0.738281 0.438151 0.019531 0.071615
0 0.773926 0.421224 0.020508 0.048177
0 0.789551 0.507161 0.032227 0.069010
0 0.795898 0.458333 0.027344 0.080729
0 0.800293 0.406250 0.018555 0.026042
0 0.806152 0.457682 0.022461 0.069010
0 0.817871 0.402995 0.014648 0.042969
0 0.832031 0.458333 0.029297 0.080729
0 0.876465 0.464193 0.038086 0.092448
0 0.901855 0.486328 0.030273 0.108073
0 0.909180 0.512370 0.021484 0.082031
0 0.950195 0.496094 0.050781 0.114583
1 0.539063 0.555990 0.287109 0.210938