1 0.925781 0.744883 0.146484 0.483918
0 0.037598 0.311404 0.075195 0.134503
0 0.223145 0.571637 0.057617 0.175439
0 0.359863 0.519006 0.026367 0.081871
0 0.437012 0.515351 0.020508 0.083333
0 0.503418 0.508041 0.030273 0.083333
0 0.539063 0.528509 0.027344 0.095029
0 0.584473 0.611111 0.081055 0.228070
0 0.650879 0.668129 0.045898 0.292398
0 0.691406 0.669591 0.115234 0.345029
0 0.712891 0.541667 0.029297 0.083333
0 0.762695 0.494152 0.025391 0.090643
0 0.782227 0.509503 0.031250 0.074561
1 0.401367 0.521930 0.064453 0.081871
1 0.558105 0.503655 0.038086 0.054094
1 0.618164 0.545322 0.072266 0.143275
1 0.704590 0.524123 0.092773 0.100877
1 0.794922 0.519006 0.037109 0.070175
1 0.980957 0.499269 0.036133 0.042398