0 0.045898 0.166911 0.029297 0.125915
0 0.098633 0.136164 0.025391 0.064422
0 0.196289 0.138360 0.017578 0.039531
0 0.196289 0.114202 0.015625 0.032211
0 0.276367 0.139824 0.062500 0.171303
0 0.544922 0.229868 0.027344 0.073206
0 0.587402 0.116398 0.026367 0.024890
0 0.641113 0.133236 0.008789 0.038067
0 0.690918 0.169107 0.067383 0.183016
0 0.818359 0.097365 0.019531 0.051245
0 0.828125 0.135432 0.031250 0.106881
1 0.023438 0.158858 0.046875 0.089312
1 0.502441 0.467057 0.958008 0.775988
1 0.138672 0.177892 0.128906 0.101025
1 0.772461 0.347731 0.453125 0.314788
1 0.961914 0.229136 0.074219 0.060029