0 0.645508 0.873538 0.056641 0.173977
0 0.027344 0.847222 0.048828 0.173977
0 0.322266 0.809211 0.029297 0.062865
0 0.474121 0.399854 0.188477 0.451754
0 0.416016 0.796784 0.025391 0.105263
0 0.479492 0.791667 0.023438 0.071637
0 0.502441 0.792398 0.010742 0.070175
0 0.547363 0.788012 0.020508 0.073099
0 0.581543 0.795322 0.026367 0.093567
0 0.598145 0.785088 0.008789 0.055556
1 0.031250 0.793129 0.062500 0.115497
1 0.169922 0.817982 0.156250 0.077485
1 0.713379 0.795322 0.081055 0.076023
1 0.873047 0.788743 0.064453 0.068713
1 0.897949 0.807018 0.083008 0.078947
1 0.937988 0.796784 0.041992 0.093567