0 0.955566 0.534257 0.061523 0.354227
0 0.197754 0.542274 0.045898 0.160350
0 0.226563 0.537901 0.037109 0.148688
0 0.255859 0.540087 0.042969 0.153061
0 0.320801 0.537172 0.047852 0.176385
0 0.370117 0.525510 0.042969 0.199708
0 0.406250 0.535714 0.058594 0.220117
0 0.487305 0.529883 0.052734 0.228863
0 0.598145 0.526239 0.065430 0.253644
0 0.700684 0.538630 0.059570 0.246356
0 0.842773 0.542274 0.064453 0.247813
1 0.011230 0.554665 0.022460 0.074344
1 0.052734 0.545918 0.074219 0.106414
1 0.130859 0.551020 0.113281 0.116618
1 0.287109 0.567784 0.033203 0.097668
1 0.497559 0.544461 0.149414 0.155977
1 0.604492 0.567055 0.154297 0.148688
1 0.807129 0.555394 0.241211 0.212828
1 0.950684 0.581633 0.096680 0.177843