0 0.261230 0.467014 0.079102 0.322917
0 0.371582 0.518229 0.071289 0.140625
0 0.416504 0.465278 0.049805 0.277778
0 0.460449 0.464410 0.047852 0.269097
0 0.472656 0.473090 0.023438 0.133681
0 0.510742 0.480903 0.041016 0.270833
0 0.508789 0.460938 0.027344 0.189236
0 0.525879 0.433160 0.010742 0.119792
0 0.543945 0.453993 0.033203 0.175347
0 0.557617 0.453125 0.019531 0.118056
0 0.566406 0.413194 0.007813 0.024306
0 0.575684 0.413194 0.014648 0.020833
0 0.600586 0.388021 0.042969 0.071181
1 0.917969 0.434896 0.156250 0.182292
1 0.988770 0.480903 0.020508 0.149306