0 0.147461 0.497727 0.132813 0.662121
0 0.188965 0.368182 0.041992 0.293939
0 0.279785 0.491667 0.098633 0.243939
0 0.365234 0.617424 0.109375 0.237879
0 0.415527 0.422727 0.088867 0.327273
0 0.463867 0.644697 0.136719 0.292424
0 0.465820 0.456061 0.048828 0.124242
0 0.500000 0.546212 0.078125 0.183333
0 0.571289 0.511364 0.064453 0.234848
0 0.688965 0.708333 0.159180 0.371212
0 0.699707 0.502273 0.102539 0.204545
0 0.758789 0.544697 0.056641 0.119697
0 0.794922 0.674242 0.105469 0.378788
1 0.029297 0.337879 0.058594 0.106061
1 0.064453 0.332576 0.109375 0.140909