0 0.146484 0.695313 0.029297 0.078125
0 0.320801 0.826172 0.073242 0.214844
0 0.363281 0.793620 0.054688 0.170573
0 0.413574 0.779948 0.043945 0.182292
0 0.538574 0.731771 0.036133 0.119792
0 0.567383 0.832031 0.062500 0.208333
0 0.562988 0.700521 0.026367 0.067708
0 0.565430 0.722656 0.021484 0.072917
0 0.617676 0.827474 0.051758 0.220052
0 0.667969 0.802734 0.048828 0.204427
0 0.715820 0.811198 0.060547 0.221354
0 0.722656 0.804688 0.060547 0.169271
0 0.791992 0.805990 0.046875 0.177083
0 0.895508 0.779297 0.048828 0.157552
0 0.908203 0.779297 0.064453 0.149740
0 0.973633 0.824870 0.048828 0.243490
0 0.988281 0.934245 0.019531 0.053385
1 0.112793 0.807292 0.225586 0.234375