0 0.491211 0.423828 0.013672 0.042969
0 0.555664 0.419271 0.011719 0.028646
0 0.584473 0.424479 0.014648 0.026042
0 0.600098 0.427083 0.016602 0.054688
0 0.747070 0.517578 0.033203 0.175781
0 0.796387 0.504557 0.053711 0.233073
0 0.804199 0.413411 0.036133 0.066406
0 0.828125 0.464193 0.025391 0.035156
0 0.858398 0.507161 0.029297 0.183594
0 0.865234 0.533203 0.033203 0.183594
0 0.924316 0.548828 0.036133 0.191406
1 0.327637 0.485677 0.127930 0.148438
1 0.468262 0.436198 0.020508 0.072917
1 0.488281 0.386719 0.011719 0.010417
1 0.520020 0.416016 0.040039 0.050781