0 0.026367 0.154519 0.015625 0.005831
0 0.067871 0.239067 0.061523 0.233236
0 0.082520 0.149417 0.016602 0.016035
0 0.087402 0.184402 0.018555 0.071429
0 0.103027 0.197522 0.028320 0.103499
0 0.117676 0.205539 0.016602 0.049563
0 0.119141 0.199708 0.007813 0.052478
0 0.130371 0.196793 0.026367 0.169096
0 0.123535 0.161808 0.010742 0.026239
0 0.166016 0.209913 0.066406 0.209913
0 0.180176 0.185131 0.024414 0.107872
0 0.206055 0.193149 0.019531 0.083090
0 0.258789 0.149417 0.025391 0.053936
0 0.286133 0.169096 0.017578 0.029155
0 0.284668 0.164723 0.006836 0.023324
0 0.291016 0.166181 0.007813 0.020408
0 0.321289 0.158892 0.044922 0.043732
0 0.335938 0.163994 0.009766 0.018950
0 0.361328 0.169096 0.021484 0.023324
0 0.392578 0.166181 0.011719 0.017493
0 0.408203 0.173469 0.023438 0.034985
0 0.424805 0.172741 0.013672 0.036443
0 0.435547 0.172741 0.013672 0.024781
0 0.452148 0.172012 0.015625 0.040816
0 0.472656 0.167638 0.033203 0.096210
0 0.486816 0.187318 0.030273 0.065598
0 0.550781 0.237609 0.046875 0.195335
0 0.618164 0.161808 0.025391 0.037901
0 0.638672 0.166910 0.015625 0.021866
0 0.651367 0.163994 0.013672 0.018950
0 0.770020 0.231778 0.133789 0.416910
0 0.824219 0.147230 0.023438 0.037901
0 0.840820 0.142128 0.027344 0.051020
0 0.860352 0.161808 0.019531 0.020408
0 0.939941 0.308309 0.118164 0.575802
0 0.899414 0.180758 0.023438 0.069971
0 0.901855 0.171283 0.016602 0.045190
1 0.047852 0.244898 0.095703 0.174927
1 0.178223 0.217930 0.127930 0.115160
1 0.531250 0.577988 0.818359 0.736152
1 0.367676 0.166181 0.051758 0.023324
1 0.457031 0.201895 0.099609 0.030612
1 0.645020 0.254373 0.155273 0.234694
1 0.838867 0.379009 0.320313 0.326531