0 0.769531 0.554036 0.099609 0.477865
0 0.016602 0.375000 0.033203 0.177083
0 0.064453 0.366536 0.066406 0.144531
0 0.076172 0.311198 0.066406 0.122396
0 0.134277 0.302734 0.063477 0.121094
0 0.234375 0.625000 0.222656 0.744792
0 0.383301 0.357422 0.131836 0.222656
0 0.486816 0.617188 0.178711 0.760417
0 0.574707 0.394531 0.096680 0.239583
0 0.660156 0.539063 0.105469 0.484375
0 0.680176 0.335938 0.084961 0.135417
0 0.878906 0.518880 0.125000 0.430990
0 0.947266 0.493490 0.101563 0.455729
1 0.317871 0.664714 0.635742 0.516927