0 0.155273 0.468099 0.035156 0.048177
0 0.198730 0.486328 0.036133 0.095052
0 0.263672 0.551432 0.037109 0.207031
0 0.284180 0.546224 0.044922 0.217448
0 0.313965 0.548177 0.065430 0.208333
0 0.336914 0.560547 0.056641 0.183594
0 0.380859 0.555990 0.082031 0.242188
0 0.409180 0.560547 0.066406 0.225260
0 0.456543 0.566406 0.061523 0.195313
0 0.475586 0.572266 0.068359 0.196615
0 0.506348 0.581380 0.065430 0.209635
0 0.554688 0.579427 0.066406 0.236979
0 0.609375 0.575521 0.064453 0.263021
0 0.624023 0.613281 0.083984 0.239583
0 0.693359 0.590495 0.087891 0.266927
0 0.692383 0.595052 0.083984 0.268229
0 0.739258 0.594401 0.058594 0.217448
0 0.762207 0.606771 0.084961 0.223958
0 0.821289 0.619141 0.105469 0.217448
0 0.793945 0.605469 0.042969 0.200521
0 0.884277 0.638021 0.053711 0.247396
0 0.896973 0.615234 0.073242 0.256510
0 0.956543 0.630208 0.084961 0.205729
0 0.968750 0.638021 0.060547 0.223958
1 0.111328 0.597656 0.222656 0.229167
1 0.111816 0.511719 0.223632 0.182292
1 0.521973 0.946615 0.620117 0.104167