0 0.071289 0.721083 0.021484 0.101025
0 0.285156 0.721083 0.023438 0.057101
0 0.317383 0.745974 0.042969 0.147877
0 0.342773 0.846266 0.091797 0.269400
0 0.360352 0.663982 0.009766 0.042460
0 0.521484 0.648609 0.007813 0.026354
0 0.573242 0.669839 0.013672 0.039531
0 0.607422 0.699122 0.023438 0.095168
0 0.828125 0.646413 0.005859 0.019034
0 0.832031 0.666911 0.007813 0.033675
0 0.906738 0.660322 0.012695 0.040996
1 0.037109 0.699122 0.068359 0.103953
1 0.124512 0.678624 0.077148 0.092240
1 0.177734 0.682284 0.152344 0.084919
1 0.332520 0.754026 0.225586 0.175695
1 0.301270 0.636896 0.024414 0.020498
1 0.330566 0.646413 0.040039 0.033675
1 0.372559 0.644949 0.036133 0.024890
1 0.400879 0.642020 0.016602 0.019034
1 0.779785 0.643485 0.043945 0.039531