0 0.437500 0.510742 0.046875 0.054688
0 0.608073 0.509277 0.031250 0.026367
0 0.776693 0.510254 0.027344 0.024414
0 0.796875 0.526855 0.067708 0.053711
1 0.177734 0.524414 0.069010 0.044922
1 0.235677 0.498047 0.057292 0.029297
1 0.251302 0.532715 0.070313 0.043945
1 0.255208 0.488770 0.049479 0.030273
1 0.290365 0.471680 0.044271 0.027344
1 0.316406 0.459473 0.031250 0.028320
1 0.332682 0.449219 0.027344 0.023438
1 0.349609 0.439453 0.024740 0.019531
1 0.363932 0.434570 0.011719 0.015625
1 0.373047 0.430176 0.006510 0.014648
1 0.382161 0.424805 0.009115 0.009766
1 0.404948 0.419434 0.013021 0.012695