0 0.020996 0.889296 0.041992 0.109971
0 0.023926 0.931818 0.047852 0.130499
0 0.162598 0.895894 0.088867 0.202346
0 0.199707 0.954545 0.088867 0.085044
0 0.250000 0.543988 0.033203 0.055718
0 0.292480 0.531525 0.041992 0.083578
0 0.350098 0.887097 0.067383 0.219941
0 0.404785 0.734604 0.057617 0.111437
0 0.412598 0.570381 0.040039 0.058651
0 0.562012 0.521994 0.034180 0.155425
0 0.588379 0.412023 0.028320 0.102639
0 0.594727 0.527859 0.037109 0.164223
0 0.594727 0.448680 0.029297 0.052786
0 0.623047 0.528592 0.037109 0.142229
0 0.662109 0.576246 0.042969 0.167155
0 0.758301 0.636364 0.073242 0.181818
0 0.776855 0.733138 0.057617 0.225806
0 0.831055 0.774194 0.070313 0.258065
0 0.979492 0.542522 0.037109 0.123167
0 0.982422 0.643695 0.031250 0.117302
1 0.351074 0.725806 0.510742 0.363636
1 0.572754 0.255132 0.051758 0.035191
1 0.760254 0.414956 0.151367 0.190616