0 0.681152 0.416545 0.069336 0.185944
1 0.265137 0.644949 0.499023 0.604685
1 0.259766 0.414348 0.009766 0.029283
1 0.280273 0.410688 0.039063 0.033675
1 0.313477 0.409956 0.039063 0.038067
1 0.348633 0.407760 0.044922 0.030747
1 0.401855 0.407760 0.018555 0.027818
1 0.458496 0.405564 0.014648 0.029283
1 0.574219 0.404832 0.062500 0.039531
1 0.614746 0.407760 0.020508 0.039531
1 0.628418 0.404100 0.028320 0.026354
1 0.631836 0.389458 0.029297 0.017570
1 0.733398 0.404832 0.083984 0.051245
1 0.759766 0.389458 0.044922 0.035139