0 0.511230 0.508053 0.055664 0.225476
0 0.154297 0.545388 0.115234 0.303075
0 0.425781 0.519034 0.078125 0.221083
0 0.921387 0.639092 0.083008 0.221083
1 0.020508 0.597365 0.041016 0.304539
1 0.078125 0.516837 0.156250 0.316252
1 0.108398 0.496340 0.210938 0.389458
1 0.236816 0.510249 0.092773 0.294290
1 0.310547 0.512445 0.130859 0.254758
1 0.295410 0.539531 0.071289 0.203514
1 0.378418 0.415813 0.081055 0.079063
1 0.382324 0.509517 0.049805 0.143485
1 0.499023 0.478038 0.085938 0.174231
1 0.560059 0.491215 0.053711 0.159590
1 0.590332 0.464861 0.096680 0.142020
1 0.640625 0.420937 0.039063 0.024890