0 0.202148 0.363281 0.095703 0.434896
0 0.018555 0.288411 0.037109 0.126302
0 0.041504 0.262370 0.041992 0.126302
0 0.121094 0.349609 0.095703 0.368490
0 0.258301 0.284505 0.059570 0.154948
0 0.698242 0.242188 0.019531 0.059896
0 0.728027 0.238932 0.028320 0.089844
0 0.753418 0.220052 0.032227 0.062500
0 0.759277 0.233724 0.028320 0.066406
0 0.930176 0.401042 0.137695 0.492188
1 0.069336 0.442708 0.138672 0.276042
1 0.562988 0.479818 0.629883 0.553385
1 0.841797 0.365234 0.314453 0.399740
1 0.917969 0.236328 0.156250 0.167969