0 0.049316 0.413616 0.098632 0.508053
0 0.732422 0.128843 0.015625 0.061493
0 0.750488 0.121523 0.016602 0.061493
0 0.770996 0.154466 0.045898 0.118594
0 0.804688 0.131772 0.044922 0.140556
0 0.827148 0.213031 0.039063 0.276720
0 0.853027 0.215227 0.053711 0.289898
0 0.894531 0.199122 0.039063 0.228404
0 0.967773 0.102489 0.029297 0.043924
0 0.975586 0.126647 0.017578 0.051245
0 0.988770 0.554173 0.020508 0.121523
1 0.476074 0.426061 0.686523 0.746706
1 0.871582 0.186676 0.241211 0.144949
1 0.947266 0.040996 0.103516 0.081991