0 0.037109 0.538799 0.056641 0.243045
0 0.108887 0.511713 0.045898 0.200586
0 0.129395 0.509517 0.016602 0.178624
0 0.241211 0.478770 0.021484 0.111274
0 0.245605 0.467789 0.018555 0.106881
0 0.260254 0.480966 0.020508 0.065886
0 0.278320 0.489751 0.025391 0.036603
0 0.300781 0.466325 0.011719 0.042460
0 0.322754 0.457540 0.008789 0.019034
0 0.327637 0.475110 0.010742 0.030747
0 0.440918 0.470717 0.000977 0.013177
0 0.448242 0.478038 0.005859 0.024890
0 0.457031 0.473646 0.007813 0.027818
0 0.700195 0.544656 0.033203 0.152269
0 0.734863 0.553441 0.028320 0.143485
1 0.419922 0.465593 0.044922 0.070278
1 0.478027 0.474378 0.036133 0.040996