0 0.076660 0.290630 0.122070 0.581259
0 0.101074 0.079063 0.018555 0.038067
0 0.127441 0.071742 0.022461 0.038067
0 0.221191 0.090776 0.034180 0.061493
0 0.239746 0.124451 0.040039 0.096633
0 0.281250 0.115666 0.035156 0.105417
0 0.309082 0.225476 0.083008 0.263543
0 0.442383 0.273060 0.111328 0.144949
0 0.489258 0.158858 0.097656 0.250366
0 0.500488 0.064422 0.081055 0.079063
0 0.920410 0.095168 0.049805 0.190336
0 0.949219 0.331625 0.099609 0.420205
0 0.973633 0.125183 0.050781 0.212299
0 0.983398 0.340410 0.031250 0.279649
1 0.143555 0.244510 0.287109 0.292826
1 0.520020 0.511713 0.922852 0.897511
1 0.388184 0.161054 0.135742 0.184480
1 0.872559 0.147877 0.252930 0.257687