0 0.257813 0.622628 0.162109 0.556204
1 0.932129 0.446715 0.124023 0.306569
0 0.501465 0.297810 0.006836 0.067153
0 0.518066 0.310219 0.020508 0.091971
0 0.522949 0.271533 0.008789 0.023358
0 0.597656 0.334307 0.025391 0.145985
0 0.674316 0.357664 0.040039 0.154745
0 0.703613 0.354015 0.026367 0.159124
0 0.720703 0.337956 0.029297 0.159124
0 0.753906 0.313869 0.015625 0.067153
1 0.112305 0.555474 0.224609 0.436496
1 0.590820 0.318248 0.126953 0.119708
1 0.659180 0.305109 0.017578 0.049635
1 0.742188 0.296350 0.023438 0.064234
1 0.764160 0.291241 0.012695 0.030657
1 0.866699 0.329197 0.088867 0.124088