0 0.042969 0.307943 0.085938 0.410156
0 0.173828 0.191406 0.039063 0.101563
0 0.206543 0.176432 0.028320 0.053385
0 0.244629 0.168620 0.018555 0.053385
0 0.270508 0.162109 0.035156 0.055990
0 0.312012 0.167318 0.036133 0.040365
0 0.355957 0.160807 0.043945 0.061198
0 0.392090 0.167969 0.020508 0.033854
0 0.457031 0.166667 0.029297 0.041667
0 0.511719 0.176432 0.027344 0.029948
0 0.564453 0.180990 0.025391 0.039063
0 0.592285 0.185547 0.032227 0.048177
0 0.625977 0.179036 0.015625 0.048177
0 0.697266 0.208333 0.128906 0.276042
0 0.648926 0.169922 0.020508 0.058594
0 0.833008 0.174479 0.025391 0.026042
0 0.870117 0.236979 0.048828 0.117188
0 0.972656 0.212891 0.052734 0.186198
1 0.500977 0.486979 0.931641 0.630208
1 0.739258 0.324870 0.519531 0.256510
1 0.853027 0.240234 0.227539 0.121094