0 0.308105 0.449673 0.041992 0.065359
0 0.384766 0.435948 0.027344 0.043137
0 0.413086 0.450327 0.019531 0.035294
0 0.435059 0.443137 0.020508 0.039216
0 0.489746 0.456209 0.020508 0.026144
0 0.530762 0.499346 0.045898 0.122876
0 0.593750 0.511765 0.031250 0.155556
0 0.612793 0.500000 0.036133 0.168627
0 0.652344 0.496732 0.041016 0.159477
0 0.663086 0.510458 0.035156 0.168627
0 0.685059 0.514379 0.038086 0.189542
0 0.713379 0.502614 0.022461 0.126797
0 0.765137 0.496078 0.125977 0.283660
0 0.760254 0.468627 0.026367 0.069281
0 0.854980 0.508497 0.063477 0.177778
0 0.912598 0.496732 0.071289 0.209150
1 0.340820 0.579085 0.392578 0.245752