0 0.781738 0.688141 0.055664 0.222548
0 0.210449 0.620791 0.018555 0.070278
0 0.238770 0.647145 0.030273 0.043924
0 0.288574 0.640556 0.038086 0.030747
0 0.379883 0.731332 0.064453 0.291362
0 0.460449 0.726208 0.049805 0.289898
0 0.494141 0.726208 0.037109 0.243045
0 0.671387 0.702782 0.081055 0.254758
0 0.724121 0.703514 0.045898 0.235725
0 0.858887 0.622987 0.032227 0.074671
0 0.870117 0.596633 0.027344 0.051245
0 0.910156 0.610542 0.027344 0.035139
1 0.119141 0.680820 0.238281 0.175695
1 0.260742 0.763543 0.494141 0.206442
1 0.367188 0.645681 0.230469 0.111274
1 0.554688 0.730600 0.292969 0.178624
1 0.661621 0.710835 0.290039 0.171303
1 0.865234 0.701318 0.234375 0.146413
1 0.908691 0.604685 0.178711 0.111274
1 0.932129 0.658858 0.131836 0.108346
1 0.943848 0.603221 0.071289 0.038067