0 0.632813 0.402190 0.117188 0.310949
0 0.057129 0.556204 0.079102 0.394161
0 0.090820 0.349635 0.146484 0.308029
0 0.200195 0.365693 0.109375 0.275912
0 0.250488 0.521898 0.194336 0.378102
0 0.370605 0.446715 0.198242 0.271533
0 0.464355 0.873723 0.108398 0.141606
0 0.500488 0.393431 0.110352 0.255474
0 0.500000 0.560584 0.074219 0.078832
0 0.697754 0.492701 0.200195 0.284672
0 0.761230 0.498540 0.131836 0.235036
0 0.845215 0.447445 0.155273 0.494891
0 0.921387 0.474453 0.122070 0.440876
0 0.972656 0.462044 0.021484 0.541606
1 0.497559 0.665693 0.606445 0.510949