0 0.278809 0.774089 0.110352 0.412760
0 0.019043 0.285156 0.038086 0.281250
0 0.035156 0.184245 0.044922 0.123698
0 0.050293 0.042318 0.051758 0.084635
0 0.089844 0.439453 0.121094 0.303385
0 0.126953 0.264323 0.083984 0.122396
0 0.147461 0.361328 0.080078 0.175781
0 0.167480 0.442708 0.053711 0.114583
0 0.168945 0.031250 0.041016 0.062500
0 0.208984 0.315755 0.054688 0.253906
0 0.247070 0.291667 0.068359 0.205729
0 0.252930 0.101563 0.033203 0.088542
0 0.301758 0.458984 0.062500 0.100260
0 0.393066 0.796224 0.120117 0.404948
0 0.438965 0.666016 0.127930 0.384115
0 0.396973 0.081380 0.034180 0.126302
0 0.448242 0.106771 0.078125 0.098958
0 0.447266 0.089844 0.066406 0.046875
0 0.474609 0.214844 0.042969 0.054688
0 0.515625 0.189453 0.054688 0.102865
0 0.513672 0.248047 0.044922 0.082031
0 0.520508 0.236979 0.039063 0.057292
0 0.577148 0.201172 0.054688 0.123698
0 0.576172 0.257161 0.048828 0.139323
0 0.629395 0.225911 0.047852 0.152344
0 0.677734 0.181641 0.025391 0.199219
0 0.729980 0.529948 0.102539 0.307292
0 0.736816 0.179688 0.057617 0.184896
0 0.782227 0.189453 0.031250 0.167969
0 0.800293 0.217448 0.040039 0.140625
0 0.826660 0.735677 0.084961 0.302083
0 0.835449 0.462240 0.098633 0.320313
0 0.840820 0.248047 0.056641 0.149740
0 0.883789 0.499349 0.091797 0.207031
0 0.890137 0.283854 0.051758 0.234375
0 0.964355 0.577474 0.069336 0.204427
0 0.982910 0.069661 0.032227 0.071615
0 0.986816 0.251953 0.024414 0.074219
1 0.133301 0.752604 0.266602 0.492188
1 0.144531 0.096354 0.289062 0.143229
1 0.177246 0.244792 0.336914 0.213542
1 0.425293 0.523438 0.713867 0.393229
1 0.496094 0.184245 0.371094 0.209635
1 0.573730 0.055990 0.215820 0.111979
1 0.921387 0.149740 0.155273 0.106771
1 0.928223 0.210938 0.135742 0.156250