0 0.385254 0.637500 0.102539 0.463235
0 0.502441 0.613971 0.081055 0.486765
0 0.558105 0.485294 0.024414 0.144118
0 0.668945 0.457353 0.009766 0.058824
0 0.703125 0.452206 0.019531 0.057353
0 0.857422 0.455147 0.025391 0.080882
0 0.872559 0.445588 0.012695 0.064706
0 0.910645 0.451471 0.032227 0.058824
0 0.944824 0.455147 0.016602 0.080882
0 0.963867 0.450735 0.019531 0.080882
1 0.048340 0.552206 0.096680 0.175000
1 0.298340 0.688971 0.596680 0.457353
1 0.304199 0.458088 0.231445 0.083824
1 0.435059 0.469853 0.073242 0.060294