0 0.067383 0.449870 0.058594 0.256510
0 0.128418 0.483073 0.059570 0.260417
0 0.142578 0.468099 0.060547 0.248698
0 0.295410 0.272135 0.051758 0.213542
0 0.368164 0.369141 0.046875 0.170573
0 0.415039 0.359375 0.042969 0.169271
0 0.427246 0.373047 0.026367 0.121094
0 0.464844 0.239583 0.054688 0.174479
0 0.864746 0.365234 0.059570 0.160156
0 0.897949 0.361979 0.026367 0.153646
0 0.922852 0.384766 0.042969 0.191406
0 0.952148 0.364583 0.027344 0.151042
1 0.092285 0.425130 0.184570 0.152344
1 0.615234 0.410156 0.408203 0.205729