0 0.019043 0.599609 0.038086 0.042969
0 0.058105 0.553385 0.018555 0.039063
0 0.069336 0.591797 0.033203 0.048177
0 0.127930 0.589844 0.019531 0.096354
0 0.184570 0.626302 0.050781 0.151042
0 0.314453 0.590495 0.042969 0.160156
0 0.394043 0.603516 0.026367 0.126302
0 0.428711 0.632161 0.017578 0.128906
0 0.441406 0.582031 0.031250 0.145833
0 0.477051 0.570964 0.038086 0.087240
0 0.484863 0.628255 0.032227 0.079427
0 0.511719 0.588542 0.031250 0.122396
0 0.535645 0.610026 0.069336 0.128906
0 0.600098 0.566406 0.043945 0.111979
0 0.657227 0.572917 0.031250 0.148438
0 0.782715 0.593750 0.038086 0.125000
0 0.833984 0.565104 0.023438 0.091146
0 0.858887 0.557943 0.034180 0.100260
0 0.894043 0.570964 0.026367 0.121094
0 0.936523 0.569010 0.033203 0.127604
0 0.979492 0.574870 0.019531 0.108073
1 0.373535 0.517578 0.053711 0.055990
1 0.512695 0.521484 0.046875 0.048177
1 0.573242 0.512370 0.070313 0.066406
1 0.629883 0.521484 0.056641 0.048177
1 0.707520 0.514323 0.069336 0.062500
1 0.777344 0.522135 0.070313 0.046875