0 0.052863 0.382813 0.105726 0.177734
0 0.043319 0.291992 0.057269 0.023438
0 0.074156 0.341797 0.086637 0.109375
0 0.185022 0.362793 0.164464 0.155273
0 0.177680 0.263184 0.129222 0.075195
0 0.307636 0.420410 0.333333 0.225586
0 0.349486 0.276855 0.143906 0.116211
0 0.360499 0.344238 0.101322 0.110352
0 0.491189 0.361328 0.195301 0.148438
0 0.503671 0.289551 0.179148 0.145508
0 0.643172 0.406738 0.352423 0.198242
0 0.690162 0.319336 0.126285 0.167969
0 0.831131 0.371582 0.167401 0.200195
1 0.499266 0.499512 0.998532 0.999023