0 0.696777 0.360499 0.061523 0.142438
0 0.012695 0.524229 0.025390 0.258443
0 0.055664 0.500000 0.078125 0.271659
0 0.214844 0.301028 0.009766 0.041116
0 0.240723 0.285609 0.010742 0.033774
0 0.247559 0.325257 0.020508 0.054332
0 0.317871 0.278267 0.010742 0.019090
0 0.438965 0.292217 0.010742 0.035242
0 0.915527 0.501468 0.092773 0.280470
0 0.980957 0.485316 0.036133 0.254038
1 0.524414 0.585169 0.816406 0.518355
1 0.221191 0.305433 0.028320 0.052863
1 0.251465 0.287078 0.024414 0.013216
1 0.298828 0.302496 0.070313 0.067548
1 0.524414 0.383994 0.132813 0.130690
1 0.836426 0.456681 0.139648 0.123348