0 0.961914 0.920161 0.048828 0.156452
0 0.008301 0.572581 0.016602 0.048387
0 0.007813 0.540323 0.015625 0.022581
0 0.028320 0.573387 0.019531 0.046774
0 0.040039 0.566935 0.013672 0.059677
0 0.067871 0.565323 0.018555 0.046774
0 0.091309 0.565323 0.024414 0.056452
0 0.117188 0.553226 0.013672 0.022581
0 0.117188 0.568548 0.013672 0.046774
0 0.136230 0.574194 0.010742 0.048387
0 0.147461 0.572581 0.013672 0.038710
0 0.156250 0.575000 0.015625 0.037097
0 0.171875 0.570968 0.015625 0.051613
0 0.189453 0.575000 0.017578 0.050000
0 0.221680 0.658871 0.033203 0.030645
0 0.226074 0.575806 0.014648 0.045161
0 0.229004 0.312097 0.018555 0.033871
0 0.228027 0.428226 0.010742 0.043548
0 0.237793 0.437903 0.020508 0.046774
0 0.250977 0.315323 0.015625 0.027419
0 0.250977 0.616935 0.015625 0.017742
0 0.276367 0.812903 0.046875 0.161290
0 0.311035 0.812903 0.043945 0.161290
0 0.321777 0.439516 0.016602 0.040323
0 0.324219 0.316129 0.013672 0.035484
0 0.341797 0.805645 0.035156 0.166129
0 0.355469 0.324194 0.011719 0.019355
0 0.388672 0.806452 0.039063 0.167742
0 0.469727 0.883871 0.160156 0.229032
0 0.448242 0.761290 0.041016 0.096774
0 0.452148 0.445968 0.007813 0.014516
0 0.462891 0.447581 0.003906 0.014516
0 0.471191 0.441935 0.008789 0.029032
0 0.482910 0.439516 0.018555 0.030645
0 0.494629 0.439516 0.010742 0.030645
0 0.502441 0.445968 0.016602 0.030645
0 0.517578 0.443548 0.009766 0.032258
0 0.538086 0.446774 0.015625 0.025806
0 0.614258 0.810484 0.044922 0.156452
0 0.627930 0.640323 0.031250 0.032258
0 0.645508 0.912903 0.066406 0.093548
0 0.675293 0.805645 0.043945 0.156452
0 0.702637 0.879032 0.051758 0.103226
0 0.818848 0.895161 0.186523 0.206452
0 0.777832 0.809677 0.034180 0.058065
0 0.860840 0.781452 0.045898 0.088710
0 0.899902 0.795968 0.036133 0.117742
0 0.981934 0.814516 0.034180 0.158065
1 0.083984 0.530645 0.029297 0.035484
1 0.089844 0.558065 0.035156 0.025806
1 0.137695 0.525000 0.064453 0.050000
1 0.219238 0.681452 0.206055 0.108065
1 0.245117 0.632258 0.175781 0.070968
1 0.189941 0.548387 0.030273 0.048387
1 0.623047 0.661290 0.177734 0.093548
1 0.698730 0.689516 0.204102 0.104839
1 0.934570 0.538710 0.042969 0.025806
1 0.962402 0.541935 0.036133 0.022581