0 0.230957 0.524158 0.081055 0.330893
0 0.038086 0.781845 0.076172 0.430454
0 0.220215 0.406296 0.032227 0.092240
0 0.300781 0.439971 0.025391 0.112738
0 0.336914 0.445095 0.035156 0.134700
0 0.395996 0.522694 0.088867 0.278184
0 0.373047 0.411420 0.031250 0.067350
0 0.454102 0.418009 0.025391 0.057101
0 0.490234 0.404100 0.011719 0.032211
0 0.698730 0.513909 0.055664 0.234261
0 0.725098 0.437775 0.032227 0.090776
0 0.769531 0.477306 0.048828 0.175695
0 0.838379 0.472914 0.053711 0.166911
0 0.880371 0.483163 0.049805 0.184480
0 0.920410 0.473646 0.043945 0.168375
0 0.975098 0.530015 0.047852 0.289898
1 0.556641 0.464129 0.232422 0.122987