0 0.008301 0.326979 0.016602 0.211144
0 0.041504 0.318915 0.069336 0.227273
0 0.058105 0.263196 0.028320 0.083578
0 0.066406 0.281525 0.023438 0.114370
0 0.151367 0.313783 0.091797 0.260997
0 0.132813 0.224340 0.013672 0.017595
0 0.188477 0.244135 0.021484 0.042522
0 0.209473 0.260997 0.026367 0.079179
0 0.220703 0.225073 0.011719 0.027859
0 0.240234 0.267595 0.037109 0.080645
0 0.248047 0.227273 0.021484 0.035191
0 0.282227 0.252933 0.031250 0.089443
0 0.307617 0.304252 0.062500 0.233138
0 0.359863 0.252199 0.020508 0.049853
0 0.393555 0.275660 0.080078 0.175953
0 0.480957 0.266129 0.106445 0.121701
0 0.515137 0.250000 0.100586 0.104106
0 0.522949 0.236070 0.034180 0.064516
0 0.550781 0.260997 0.021484 0.090909
0 0.621582 0.224340 0.024414 0.061584
0 0.624023 0.211877 0.009766 0.019062
0 0.711426 0.233871 0.038086 0.063050
0 0.732422 0.230938 0.031250 0.068915
0 0.760742 0.228006 0.025391 0.071848
0 0.781250 0.228006 0.021484 0.039589
0 0.819824 0.230938 0.028320 0.054252
0 0.824219 0.241935 0.035156 0.087977
0 0.915527 0.354106 0.067383 0.277126
0 0.944336 0.234604 0.027344 0.073314
0 0.943848 0.280792 0.018555 0.171554
0 0.981934 0.252199 0.020508 0.038123
1 0.123535 0.569648 0.247070 0.297654
1 0.540039 0.563050 0.828125 0.498534
1 0.234375 0.370968 0.117188 0.134897
1 0.440918 0.260264 0.053711 0.048387
1 0.568848 0.244868 0.083008 0.082111
1 0.712402 0.347507 0.254883 0.134897
1 0.786621 0.329912 0.200195 0.129032
1 0.969727 0.410557 0.058594 0.134897