0 0.933105 0.252611 0.100586 0.275457
1 0.435547 0.447781 0.871094 0.704961
0 0.130371 0.138381 0.139648 0.216710
0 0.088867 0.146214 0.025391 0.044386
0 0.221191 0.174282 0.010742 0.022193
0 0.330566 0.168407 0.040039 0.065274
0 0.367676 0.178851 0.036133 0.057441
0 0.439453 0.170366 0.050781 0.092689
0 0.470703 0.174282 0.041016 0.084856
0 0.533691 0.172324 0.067383 0.073107
0 0.716309 0.201697 0.034180 0.040470
0 0.787109 0.184073 0.042969 0.127937
0 0.812012 0.104439 0.038086 0.036554
0 0.840820 0.240209 0.087891 0.373368
0 0.953613 0.291775 0.049805 0.139687
1 0.159668 0.155352 0.319336 0.193211
1 0.895020 0.629243 0.208008 0.566580