0 0.574219 0.890805 0.070313 0.186782
1 0.478516 0.567529 0.242188 0.204023
0 0.051758 0.938218 0.089844 0.120690
0 0.065918 0.548851 0.036133 0.152299
0 0.203125 0.955460 0.091797 0.086207
0 0.181641 0.350575 0.009766 0.089080
0 0.194824 0.456178 0.024414 0.122126
0 0.203613 0.471983 0.041992 0.127874
0 0.299805 0.934626 0.089844 0.127874
0 0.293945 0.637213 0.050781 0.205460
0 0.288574 0.402299 0.036133 0.048851
0 0.329102 0.496408 0.027344 0.130747
0 0.342773 0.622126 0.046875 0.178161
0 0.383301 0.950431 0.069336 0.096264
0 0.384766 0.441810 0.033203 0.067529
0 0.407227 0.549569 0.037109 0.153736
0 0.457520 0.941810 0.092773 0.113506
0 0.441895 0.563218 0.032227 0.152299
0 0.522461 0.933190 0.064453 0.130747
0 0.627441 0.870690 0.071289 0.255747
0 0.684570 0.834052 0.068359 0.248563
0 0.677246 0.527299 0.030273 0.077586
0 0.716309 0.698276 0.049805 0.232759
0 0.820313 0.750718 0.078125 0.222701
0 0.841797 0.548851 0.035156 0.077586
0 0.967285 0.833333 0.063477 0.235632
0 0.974609 0.948994 0.048828 0.099138
1 0.269531 0.471264 0.164063 0.140805
1 0.810547 0.675287 0.355469 0.247126