0 0.048340 0.336018 0.096680 0.672035
0 0.102539 0.199854 0.109375 0.183016
0 0.153809 0.261347 0.073242 0.335286
0 0.182617 0.136164 0.019531 0.032211
0 0.204102 0.265739 0.048828 0.282577
0 0.227539 0.204246 0.035156 0.194729
0 0.344238 0.315520 0.102539 0.364568
0 0.340820 0.257687 0.068359 0.234261
0 0.508301 0.580527 0.295898 0.777452
0 0.392578 0.202050 0.033203 0.143485
0 0.441406 0.229868 0.070313 0.166911
0 0.505859 0.155930 0.050781 0.103953
0 0.555176 0.317716 0.086914 0.357247
0 0.638184 0.273792 0.081055 0.319180
0 0.621094 0.153734 0.031250 0.067350
0 0.695313 0.261347 0.062500 0.259151
0 0.754883 0.283309 0.087891 0.323572
0 0.756836 0.333089 0.083984 0.329429
1 0.252930 0.205710 0.115234 0.171303
1 0.456055 0.210835 0.093750 0.146413
1 0.636230 0.232796 0.088867 0.134700
1 0.845703 0.237189 0.103516 0.120059
1 0.958496 0.243045 0.081055 0.125915