0 0.340332 0.700586 0.040039 0.147877
0 0.372559 0.665447 0.018555 0.083455
0 0.381348 0.667643 0.010742 0.073206
0 0.443359 0.690337 0.029297 0.118594
0 0.474121 0.685944 0.026367 0.115666
0 0.497070 0.685212 0.033203 0.122987
0 0.801270 0.670571 0.034180 0.040996
0 0.805664 0.665447 0.017578 0.054173
0 0.844238 0.667643 0.026367 0.079063
0 0.871094 0.672767 0.033203 0.068814
0 0.891113 0.650805 0.022461 0.051245
0 0.898438 0.681552 0.019531 0.071742
0 0.920410 0.700586 0.022461 0.109810
0 0.947266 0.707906 0.021484 0.115666
0 0.980957 0.776720 0.036133 0.285505
1 0.825684 0.819912 0.333008 0.336750