0 0.897461 0.265625 0.125000 0.380208
0 0.009766 0.204427 0.019531 0.026042
0 0.030273 0.202474 0.007813 0.022135
0 0.041992 0.198568 0.011719 0.027344
0 0.050293 0.202474 0.010742 0.022135
0 0.143066 0.194661 0.036133 0.063802
0 0.232422 0.194010 0.015625 0.044271
0 0.242676 0.222005 0.024414 0.118490
0 0.362305 0.178385 0.041016 0.062500
0 0.359863 0.188802 0.020508 0.041667
0 0.976563 0.143229 0.044922 0.085938
1 0.131836 0.320964 0.263672 0.217448
1 0.497559 0.567057 0.961914 0.756510
1 0.719238 0.324870 0.559570 0.261719
1 0.905762 0.240885 0.186523 0.138021