0 0.110352 0.607143 0.220703 0.429782
0 0.053223 0.334140 0.069336 0.300242
0 0.104492 0.469734 0.136719 0.234867
0 0.067871 0.221550 0.045898 0.140436
0 0.127930 0.237893 0.037109 0.110169
0 0.234863 0.306295 0.108398 0.295400
0 0.256836 0.182203 0.054688 0.115012
0 0.283691 0.237893 0.026367 0.115012
0 0.322266 0.241525 0.039063 0.122276
0 0.376953 0.227603 0.050781 0.142857
0 0.445313 0.264528 0.160156 0.168281
0 0.441406 0.202179 0.037109 0.043584
0 0.519531 0.232446 0.048828 0.154964
0 0.547852 0.223366 0.025391 0.110169
0 0.640137 0.221550 0.051758 0.125908
0 0.736816 0.226392 0.102539 0.181598
0 0.894531 0.480630 0.195313 0.680387
0 0.866211 0.167070 0.119141 0.113801
0 0.950684 0.205206 0.034180 0.076271
1 0.018066 0.305690 0.036132 0.216707
1 0.492188 0.539952 0.695313 0.605327