0 0.038086 0.111111 0.050781 0.222222
0 0.103516 0.183480 0.121094 0.366959
0 0.229004 0.136696 0.041992 0.261696
0 0.272461 0.157164 0.062500 0.314327
0 0.369629 0.144737 0.055664 0.289474
0 0.438965 0.144006 0.063477 0.206140
0 0.428711 0.084064 0.035156 0.168128
0 0.461914 0.111111 0.029297 0.210526
0 0.495117 0.128655 0.060547 0.257310
0 0.532715 0.093567 0.055664 0.187134
0 0.579590 0.092105 0.045898 0.184210
0 0.653320 0.076754 0.052734 0.153508
0 0.701172 0.145468 0.035156 0.127193
0 0.736816 0.100146 0.065430 0.144737
0 0.777344 0.114766 0.035156 0.130117
0 0.810547 0.095760 0.054688 0.179825
0 0.862793 0.128655 0.077148 0.257310
0 0.960938 0.161550 0.076172 0.320175
1 0.018555 0.132310 0.037109 0.118421
1 0.071777 0.415936 0.143554 0.285088
1 0.222656 0.149123 0.214844 0.128655
1 0.562012 0.547515 0.764648 0.788012
1 0.405273 0.145468 0.140625 0.135965
1 0.622070 0.133041 0.130859 0.134503
1 0.902344 0.096491 0.035156 0.023392