1 0.522461 0.494792 0.839844 0.398438
0 0.135742 0.491536 0.099609 0.305990
0 0.235352 0.400391 0.031250 0.110677
0 0.381348 0.299479 0.135742 0.234375
0 0.366211 0.264323 0.070313 0.151042
0 0.467285 0.308594 0.102539 0.263021
0 0.455078 0.235026 0.027344 0.074219
0 0.510254 0.235677 0.032227 0.049479
0 0.527832 0.388672 0.067383 0.180990
0 0.539551 0.248698 0.047852 0.114583
0 0.563965 0.388672 0.083008 0.194010
0 0.575195 0.266276 0.078125 0.113281
0 0.596191 0.295573 0.043945 0.075521
0 0.627441 0.390625 0.088867 0.190104
0 0.678711 0.375000 0.076172 0.187500
0 0.701172 0.319010 0.023438 0.028646
0 0.747070 0.369792 0.083984 0.208333
0 0.810547 0.365234 0.070313 0.180990
0 0.849609 0.354818 0.074219 0.167969
0 0.971680 0.389974 0.054688 0.102865