1 0.377441 0.672526 0.309570 0.285156
0 0.128906 0.893880 0.199219 0.209635
0 0.098145 0.520833 0.032227 0.075521
0 0.120117 0.512370 0.025391 0.079427
0 0.133789 0.566406 0.017578 0.088542
0 0.170410 0.541016 0.018555 0.128906
0 0.178711 0.540365 0.031250 0.138021
0 0.214355 0.565755 0.071289 0.097656
0 0.350586 0.809245 0.160156 0.378906
0 0.558105 0.475911 0.036133 0.069010
0 0.613281 0.552734 0.033203 0.089844
0 0.608398 0.528646 0.017578 0.039063
0 0.801758 0.701172 0.080078 0.089844
0 0.797852 0.623047 0.041016 0.108073
0 0.849609 0.599609 0.144531 0.248698
0 0.798828 0.537760 0.025391 0.093750
0 0.877930 0.559245 0.039063 0.139323
0 0.963867 0.585938 0.037109 0.140625
1 0.066406 0.620443 0.132812 0.259115
1 0.562012 0.589193 0.141602 0.165365
1 0.643555 0.544271 0.103516 0.109375
1 0.711426 0.533854 0.055664 0.085938
1 0.757324 0.533854 0.043945 0.083333