0 0.008301 0.391276 0.010742 0.024740
0 0.022461 0.414063 0.013672 0.070313
0 0.077148 0.429688 0.023438 0.067708
0 0.090820 0.421875 0.011719 0.067708
0 0.103516 0.425130 0.029297 0.074219
0 0.106934 0.417969 0.020508 0.088542
0 0.305664 0.390625 0.025391 0.059896
0 0.343750 0.457682 0.056641 0.121094
0 0.480469 0.419922 0.142578 0.238281
0 0.511230 0.388672 0.024414 0.058594
0 0.537598 0.378255 0.024414 0.076823
0 0.559082 0.386068 0.022461 0.055990
0 0.777344 0.342448 0.027344 0.039063
1 0.074707 0.416667 0.104492 0.075521
1 0.186523 0.427083 0.140625 0.083333
1 0.347656 0.429688 0.148438 0.125000
1 0.765137 0.431641 0.403320 0.230469