0 0.074219 0.373535 0.039063 0.079102
0 0.115885 0.369629 0.049479 0.092773
0 0.156250 0.652344 0.070313 0.048828
0 0.187500 0.620605 0.080729 0.069336
0 0.583984 0.205566 0.019531 0.022461
0 0.597656 0.215820 0.026042 0.029297
0 0.626953 0.214355 0.032552 0.032227
0 0.708984 0.237793 0.029948 0.049805
0 0.731771 0.242676 0.020833 0.047852
0 0.745443 0.364746 0.048177 0.061523
0 0.757161 0.699707 0.063802 0.073242
0 0.751302 0.236328 0.023438 0.046875
0 0.759766 0.236816 0.019531 0.051758
0 0.781250 0.239746 0.018229 0.040039
0 0.824870 0.695801 0.100260 0.079102
0 0.871094 0.333008 0.033854 0.072266
0 0.919271 0.409180 0.057292 0.095703
0 0.966146 0.407227 0.049479 0.085938
1 0.531901 0.334473 0.235677 0.071289
1 0.522135 0.074707 0.106771 0.055664