0 0.028320 0.409505 0.056640 0.467448
0 0.031250 0.476563 0.062500 0.411458
0 0.247070 0.243490 0.048828 0.132813
0 0.287109 0.240885 0.056641 0.114583
0 0.331543 0.236328 0.026367 0.089844
0 0.475098 0.231771 0.096680 0.138021
0 0.544434 0.220052 0.038086 0.101563
0 0.581055 0.221354 0.072266 0.158854
0 0.687988 0.212240 0.036133 0.143229
0 0.731934 0.249349 0.098633 0.287760
0 0.829590 0.335938 0.077148 0.242188
0 0.848633 0.324219 0.031250 0.252604
0 0.903809 0.305339 0.086914 0.342448
0 0.961426 0.282552 0.075195 0.356771
1 0.123535 0.382161 0.178711 0.277344
1 0.535156 0.537760 0.876953 0.611979
1 0.190918 0.287760 0.125977 0.101563
1 0.370117 0.336589 0.386719 0.207031
1 0.501953 0.295573 0.126953 0.171875
1 0.809082 0.317057 0.379883 0.243490