0 0.009277 0.498047 0.018554 0.180990
0 0.057617 0.542318 0.087891 0.308594
0 0.104980 0.492839 0.065430 0.204427
0 0.181641 0.493490 0.046875 0.164063
0 0.217285 0.491536 0.034180 0.160156
0 0.323242 0.509766 0.035156 0.238281
0 0.558105 0.480469 0.040039 0.057292
0 0.561523 0.515625 0.041016 0.138021
0 0.629395 0.483073 0.041992 0.161458
0 0.666504 0.454427 0.038086 0.075521
0 0.670410 0.457682 0.043945 0.110677
0 0.895508 0.420573 0.072266 0.156250
0 0.965332 0.477214 0.040039 0.136719
0 0.980469 0.419922 0.037109 0.337240
1 0.590820 0.515625 0.154297 0.127604
1 0.752441 0.495443 0.221680 0.115885
1 0.933105 0.493490 0.028320 0.062500
1 0.946289 0.472005 0.015625 0.032552