1 0.519043 0.488845 0.916992 0.694226
0 0.015625 0.124672 0.031250 0.052493
0 0.159668 0.150919 0.020508 0.055118
0 0.177246 0.158793 0.036133 0.057743
0 0.265137 0.143701 0.047852 0.069554
0 0.317871 0.238845 0.106445 0.272966
0 0.499023 0.194226 0.058594 0.154856
0 0.542480 0.153543 0.047852 0.081365
0 0.616699 0.145013 0.041992 0.056430
0 0.655273 0.148294 0.023438 0.039370
0 0.677734 0.151575 0.021484 0.032808
0 0.811523 0.260499 0.062500 0.059055
0 0.922363 0.267717 0.065430 0.246719
1 0.275879 0.385171 0.551758 0.400262