0 0.028320 0.339678 0.056640 0.325037
0 0.059082 0.316984 0.045898 0.244510
0 0.095215 0.306003 0.028320 0.169839
0 0.104980 0.276720 0.010742 0.090776
0 0.133301 0.337482 0.045898 0.191801
0 0.212891 0.272328 0.031250 0.096633
0 0.234375 0.265739 0.035156 0.077599
0 0.258789 0.259151 0.019531 0.076135
0 0.275879 0.234993 0.010742 0.024890
0 0.284668 0.255490 0.010742 0.068814
0 0.301758 0.259883 0.041016 0.086384
0 0.313965 0.233529 0.008789 0.021962
0 0.320801 0.244510 0.010742 0.026354
0 0.346680 0.246706 0.015625 0.036603
0 0.355957 0.240849 0.006836 0.021962
0 0.365723 0.242313 0.022461 0.036603
0 0.375488 0.240849 0.012695 0.024890
0 0.386230 0.238653 0.012695 0.020498
0 0.402344 0.240849 0.027344 0.033675
0 0.411133 0.238653 0.009766 0.020498
0 0.432129 0.244510 0.006836 0.026354
0 0.437012 0.240849 0.006836 0.021962
0 0.441895 0.245974 0.010742 0.023426
0 0.473633 0.256223 0.058594 0.143485
0 0.449707 0.233529 0.004883 0.016105
0 0.493164 0.256223 0.015625 0.055637
0 0.500977 0.251830 0.013672 0.055637
0 0.518555 0.256955 0.031250 0.089312
0 0.535156 0.256955 0.011719 0.045388
0 0.541504 0.258419 0.006836 0.042460
0 0.549805 0.256955 0.005859 0.045388
0 0.556152 0.257687 0.008789 0.046852
0 0.597656 0.283309 0.023438 0.109810
0 0.617188 0.281113 0.046875 0.125915
0 0.630859 0.264275 0.023438 0.095168
0 0.645020 0.265739 0.012695 0.092240
0 0.664551 0.261347 0.041992 0.139092
0 0.687012 0.237921 0.010742 0.024890
0 0.708496 0.214495 0.008789 0.027818
0 0.725586 0.215959 0.009766 0.036603
0 0.746094 0.221816 0.003906 0.019034
0 0.770508 0.319180 0.025391 0.152269
0 0.788086 0.317716 0.039063 0.196193
0 0.808105 0.303807 0.028320 0.197657
0 0.879883 0.216691 0.009766 0.017570
0 0.936035 0.434846 0.106445 0.409956
0 0.894043 0.217423 0.006836 0.013177
0 0.917969 0.209370 0.013672 0.035139
0 0.972168 0.366764 0.053711 0.323572
1 0.465820 0.578331 0.873047 0.395315
1 0.417480 0.421669 0.633789 0.210835
1 0.361816 0.343338 0.426758 0.177160