0 0.022461 0.566618 0.042969 0.064422
0 0.042969 0.562958 0.029297 0.071742
0 0.234863 0.699854 0.075195 0.366032
0 0.252441 0.665447 0.043945 0.349927
0 0.266602 0.488287 0.017578 0.057101
0 0.285645 0.547584 0.024414 0.052709
0 0.323730 0.632504 0.065430 0.275256
0 0.444336 0.624451 0.060547 0.285505
0 0.491211 0.491947 0.031250 0.081991
0 0.495605 0.497804 0.034180 0.067350
0 0.523926 0.497804 0.028320 0.067350
0 0.554199 0.540264 0.032227 0.146413
0 0.763672 0.485359 0.013672 0.065886
1 0.741699 0.463397 0.012695 0.016105
1 0.756348 0.467789 0.028320 0.036603
1 0.795410 0.475110 0.053711 0.060029
1 0.805176 0.500000 0.065430 0.080527
1 0.871094 0.529283 0.169922 0.136164