0 0.237793 0.830966 0.079102 0.213068
0 0.271484 0.821023 0.050781 0.230114
0 0.416992 0.865767 0.099609 0.245739
0 0.455078 0.828125 0.064453 0.181818
0 0.526855 0.725852 0.047852 0.136364
0 0.548828 0.879972 0.091797 0.171875
0 0.548340 0.656960 0.024414 0.058239
0 0.566895 0.691761 0.040039 0.136364
0 0.612305 0.925426 0.099609 0.143466
0 0.836426 0.752131 0.081055 0.186080
0 0.886719 0.811080 0.072266 0.150568
0 0.930176 0.674006 0.041992 0.123580
0 0.946777 0.708807 0.057617 0.110795
0 0.982422 0.674716 0.031250 0.127841
1 0.082031 0.933949 0.164062 0.126420