0 0.010742 0.863281 0.021484 0.083333
0 0.028320 0.925130 0.056640 0.141927
0 0.115234 0.796224 0.007813 0.024740
0 0.267578 0.863281 0.013672 0.041667
0 0.285645 0.854167 0.008789 0.031250
0 0.295898 0.861979 0.015625 0.039063
0 0.683594 0.888021 0.023438 0.078125
0 0.744629 0.936198 0.036133 0.122396
0 0.755859 0.893880 0.019531 0.074219
0 0.773438 0.865234 0.015625 0.014323
0 0.805176 0.960286 0.041992 0.076823
0 0.847656 0.943359 0.042969 0.110677
0 0.915527 0.942057 0.049805 0.113281
0 0.948730 0.865885 0.008789 0.007813
1 0.126953 0.917318 0.203125 0.162760