0 0.943848 0.142187 0.090820 0.231250
0 0.027344 0.314844 0.054688 0.629687
0 0.050781 0.064844 0.078125 0.129688
0 0.076172 0.301563 0.097656 0.578125
0 0.146973 0.144531 0.028320 0.064062
0 0.187500 0.188281 0.074219 0.217188
0 0.227051 0.243750 0.045898 0.343750
0 0.228027 0.217969 0.043945 0.189062
0 0.275879 0.222656 0.030273 0.192188
0 0.301758 0.189062 0.048828 0.203125
0 0.330566 0.159375 0.047852 0.153125
0 0.377930 0.131250 0.072266 0.168750
0 0.443848 0.137500 0.053711 0.125000
0 0.447266 0.350781 0.054688 0.098437
0 0.504395 0.132813 0.086914 0.140625
0 0.570313 0.352344 0.085938 0.126562
0 0.564453 0.113281 0.060547 0.089063
0 0.638184 0.084375 0.090820 0.131250
0 0.710449 0.112500 0.053711 0.084375
0 0.770508 0.082812 0.066406 0.165624
0 0.773438 0.273438 0.056641 0.109375
0 0.820313 0.104688 0.074219 0.196875
0 0.895020 0.142187 0.053711 0.140625
0 0.978516 0.146875 0.041016 0.203125
1 0.421387 0.549219 0.749023 0.695313
1 0.168945 0.316406 0.132813 0.310937
1 0.694824 0.439063 0.575195 0.578125