0 0.561523 0.596070 0.058594 0.243086
0 0.070801 0.545852 0.041992 0.157205
0 0.214355 0.575691 0.051758 0.231441
0 0.249512 0.590975 0.041992 0.218341
0 0.281738 0.582969 0.071289 0.321689
0 0.363281 0.596798 0.056641 0.334789
0 0.450195 0.612809 0.087891 0.302766
0 0.654297 0.569869 0.033203 0.161572
0 0.696777 0.580058 0.049805 0.149927
0 0.814453 0.596070 0.042969 0.152838
0 0.866211 0.592431 0.052734 0.203785
0 0.966797 0.616448 0.052734 0.298399
0 0.960449 0.502911 0.014648 0.030568
1 0.729980 0.589520 0.106445 0.125182