1 0.523438 0.548177 0.900391 0.513021
0 0.015137 0.293620 0.030273 0.082031
0 0.009277 0.263021 0.012695 0.036458
0 0.032715 0.280599 0.020508 0.042969
0 0.109863 0.243490 0.022461 0.026042
0 0.206543 0.288411 0.053711 0.118490
0 0.270996 0.335286 0.051758 0.230469
0 0.310547 0.298828 0.027344 0.147135
0 0.338867 0.296224 0.033203 0.134115
0 0.500488 0.252604 0.020508 0.067708
0 0.594727 0.247396 0.015625 0.049479
0 0.659668 0.258464 0.022461 0.045573
0 0.682617 0.261068 0.025391 0.069010
0 0.793945 0.253906 0.031250 0.057292
0 0.824707 0.259115 0.020508 0.039063
0 0.845703 0.251302 0.019531 0.052083
0 0.864258 0.258464 0.035156 0.087240
0 0.895020 0.270833 0.030273 0.098958
0 0.937988 0.276042 0.036133 0.122396
1 0.095703 0.449219 0.191406 0.234375
1 0.104004 0.305339 0.135742 0.126302
1 0.508301 0.341797 0.358398 0.152344
1 0.574219 0.292318 0.210938 0.040365
1 0.843750 0.362630 0.310547 0.170573
1 0.945313 0.296875 0.107422 0.098958