0 0.165527 0.608073 0.055664 0.130208
1 0.903320 0.741536 0.175781 0.269531
0 0.036133 0.610677 0.041016 0.127604
0 0.095215 0.601563 0.028320 0.101563
0 0.252930 0.619141 0.042969 0.123698
0 0.297363 0.608073 0.030273 0.088542
0 0.319824 0.605469 0.032227 0.088542
0 0.342773 0.603516 0.033203 0.087240
0 0.374512 0.593750 0.030273 0.106771
0 0.432617 0.591146 0.025391 0.091146
0 0.465820 0.583333 0.021484 0.085938
0 0.538086 0.594401 0.035156 0.097656
0 0.775879 0.588542 0.032227 0.096354
0 0.883789 0.585938 0.031250 0.078125