0 0.018066 0.572059 0.036132 0.126471
0 0.076660 0.662500 0.059570 0.227941
0 0.098633 0.652206 0.074219 0.233824
0 0.323242 0.727206 0.062500 0.069118
0 0.321289 0.655882 0.027344 0.085294
0 0.343262 0.687500 0.043945 0.130882
0 0.396973 0.687500 0.063477 0.225000
0 0.401855 0.619118 0.061523 0.094118
0 0.430176 0.709559 0.045898 0.219118
0 0.464844 0.691912 0.052734 0.195588
0 0.454590 0.627941 0.024414 0.073529
0 0.493164 0.680147 0.033203 0.177941
0 0.520020 0.694118 0.036133 0.161765
0 0.541504 0.780882 0.079102 0.232353
0 0.561523 0.648529 0.052734 0.088235
0 0.808594 0.761029 0.035156 0.213235
1 0.025391 0.705882 0.050781 0.161765
1 0.503418 0.672794 0.014648 0.048529
1 0.796875 0.763971 0.197266 0.177941