1 0.706055 0.720351 0.406250 0.222548
0 0.009277 0.297218 0.018554 0.111274
0 0.014648 0.611274 0.029296 0.089312
0 0.022461 0.720351 0.044922 0.187408
0 0.083496 0.291362 0.022461 0.102489
0 0.164551 0.327233 0.028320 0.109810
0 0.175781 0.878477 0.050781 0.240117
0 0.236816 0.246706 0.026367 0.089312
0 0.267578 0.382138 0.029297 0.128843
0 0.342285 0.898243 0.084961 0.177160
0 0.395020 0.273060 0.024414 0.098097
0 0.509277 0.330161 0.026367 0.109810
0 0.645020 0.920937 0.131836 0.155198
0 0.595703 0.348463 0.029297 0.128843
0 0.621094 0.332357 0.027344 0.105417
0 0.658691 0.273792 0.026367 0.090776
0 0.709961 0.476574 0.031250 0.159590
0 0.822266 0.285505 0.027344 0.090776