0 0.041016 0.475260 0.027344 0.072917
0 0.062500 0.467448 0.027344 0.088542
0 0.089355 0.462240 0.028320 0.080729
0 0.110840 0.459635 0.038086 0.085938
0 0.190918 0.454427 0.012695 0.075521
0 0.211914 0.446615 0.025391 0.091146
0 0.236816 0.439453 0.036133 0.095052
0 0.274414 0.444661 0.044922 0.074219
0 0.312500 0.436849 0.025391 0.100260
0 0.343750 0.433594 0.037109 0.091146
0 0.548340 0.419922 0.036133 0.089844
0 0.602539 0.413411 0.023438 0.082031
1 0.026855 0.436849 0.053710 0.040365
1 0.133301 0.436198 0.075195 0.039063
1 0.388184 0.432292 0.075195 0.052083
1 0.511719 0.421224 0.046875 0.040365
1 0.589355 0.414714 0.125977 0.040365
1 0.771973 0.430339 0.256836 0.196615