0 0.642578 0.647569 0.123047 0.454861
1 0.743652 0.543403 0.364258 0.513889
0 0.388672 0.296007 0.017578 0.050347
0 0.432129 0.381944 0.069336 0.250000
0 0.508789 0.659722 0.189453 0.677083
0 0.457520 0.311632 0.043945 0.123264
0 0.508789 0.342882 0.080078 0.217014
0 0.561035 0.370660 0.036133 0.199653
0 0.593262 0.342014 0.041992 0.125000
0 0.583008 0.286458 0.019531 0.045139
0 0.636719 0.325521 0.046875 0.119792
0 0.691895 0.334201 0.049805 0.109375
0 0.742188 0.333333 0.066406 0.138889
0 0.777344 0.313368 0.021484 0.067708
0 0.859863 0.546875 0.112305 0.638889
0 0.911621 0.872396 0.174805 0.251736
0 0.884277 0.305556 0.022461 0.062500
0 0.964844 0.493924 0.068359 0.446181
1 0.220703 0.499132 0.392578 0.998264