0 0.001953 0.633333 0.003906 0.040580
0 0.013672 0.637681 0.007813 0.049275
0 0.102051 0.640580 0.032227 0.098551
0 0.156738 0.630435 0.067383 0.118841
0 0.217285 0.644928 0.022461 0.078261
0 0.263184 0.642029 0.059570 0.118841
0 0.242188 0.613043 0.011719 0.028986
0 0.301270 0.647101 0.041992 0.120290
0 0.333984 0.674638 0.035156 0.123188
0 0.372559 0.698551 0.065430 0.185507
0 0.404785 0.647101 0.026367 0.111594
0 0.417969 0.702899 0.042969 0.208696
0 0.463379 0.655072 0.026367 0.127536
0 0.538086 0.713768 0.097656 0.256522
0 0.510742 0.618116 0.013672 0.044928
0 0.552246 0.699275 0.038086 0.198551
0 0.592285 0.732609 0.077148 0.343478
0 0.620605 0.642029 0.026367 0.084058
0 0.671387 0.722464 0.110352 0.294203
0 0.685547 0.684058 0.087891 0.281159
0 0.751953 0.638406 0.007813 0.056522
0 0.766113 0.634783 0.012695 0.043478
0 0.828613 0.708696 0.100586 0.313043
0 0.850098 0.697101 0.067383 0.307246
0 0.872559 0.642754 0.006836 0.088406
0 0.903320 0.628261 0.025391 0.059420
0 0.920410 0.607246 0.012695 0.031884
0 0.957520 0.710870 0.083008 0.300000
1 0.223145 0.844928 0.446289 0.307246
1 0.201660 0.644928 0.071289 0.057971