0 0.737305 0.578561 0.093750 0.434655
0 0.048340 0.720264 0.096680 0.439060
0 0.071777 0.345815 0.055664 0.113069
0 0.134277 0.444200 0.088867 0.362702
0 0.126465 0.694567 0.069336 0.425844
0 0.136719 0.240822 0.076172 0.158590
0 0.164063 0.415565 0.037109 0.346549
0 0.191406 0.382526 0.042969 0.356828
0 0.252441 0.805433 0.120117 0.386197
0 0.257324 0.563877 0.094727 0.352423
0 0.248047 0.442731 0.072266 0.116006
0 0.245605 0.332599 0.057617 0.192364
0 0.285645 0.072687 0.110352 0.104258
0 0.325684 0.309838 0.075195 0.202643
0 0.373535 0.514684 0.092773 0.183554
0 0.370605 0.304699 0.055664 0.339207
0 0.527344 0.178414 0.054688 0.301028
0 0.586426 0.287812 0.086914 0.149780
0 0.636719 0.292217 0.089844 0.182085
0 0.627441 0.158590 0.043945 0.143906
0 0.706055 0.168135 0.101563 0.171806
0 0.734375 0.038179 0.052734 0.073421
0 0.799316 0.110866 0.077148 0.212922
0 0.915527 0.212188 0.075195 0.306902
0 0.926270 0.197504 0.055664 0.277533
0 0.953125 0.054332 0.056641 0.108664
0 0.979492 0.206314 0.039063 0.301028
1 0.396484 0.785609 0.347656 0.417034
1 0.479980 0.588840 0.325195 0.343612
1 0.792480 0.261380 0.260742 0.249633
1 0.822754 0.134361 0.196289 0.224670