0 0.459473 0.390190 0.051758 0.191801
0 0.248047 0.289898 0.015625 0.032211
0 0.269043 0.316984 0.032227 0.048316
0 0.331543 0.403367 0.024414 0.144949
0 0.327637 0.314788 0.014648 0.032211
0 0.409180 0.392387 0.031250 0.184480
0 0.519043 0.411420 0.032227 0.172767
0 0.552246 0.413616 0.032227 0.168375
0 0.595215 0.409956 0.034180 0.175695
1 0.145508 0.500000 0.291016 0.247438
1 0.237793 0.413616 0.198242 0.174231
1 0.280762 0.355783 0.170898 0.105417
1 0.565430 0.314056 0.076172 0.054173
1 0.639648 0.341874 0.068359 0.077599
1 0.680176 0.363104 0.094727 0.081991
1 0.740234 0.379209 0.113281 0.090776
1 0.813477 0.406296 0.144531 0.121523
1 0.911621 0.448755 0.174805 0.156662
1 0.981445 0.508785 0.035156 0.115666