0 0.144043 0.307018 0.045898 0.187135
0 0.177246 0.299708 0.049805 0.184211
0 0.360840 0.322368 0.051758 0.089181
0 0.648926 0.213450 0.028320 0.035088
0 0.685547 0.296053 0.052734 0.089181
0 0.683105 0.219298 0.030273 0.049708
0 0.730469 0.221491 0.048828 0.065789
0 0.794922 0.290205 0.066406 0.153509
0 0.817871 0.263158 0.041992 0.154971
0 0.850586 0.276316 0.050781 0.146199
0 0.845215 0.342105 0.034180 0.090643
0 0.858887 0.276316 0.032227 0.146199
0 0.890137 0.306287 0.055664 0.211988
0 0.920898 0.271199 0.060547 0.168129
0 0.995605 0.304094 0.006836 0.058480
1 0.489746 0.505848 0.872070 0.649123