0 0.229980 0.665365 0.165039 0.635417
0 0.014160 0.456380 0.028320 0.045573
0 0.098633 0.438802 0.027344 0.054688
0 0.121582 0.445313 0.022461 0.039063
0 0.201172 0.447917 0.009766 0.028646
0 0.352539 0.669271 0.128906 0.572917
0 0.472168 0.629557 0.200195 0.545573
0 0.521973 0.675781 0.151367 0.546875
0 0.647949 0.650391 0.161133 0.574219
0 0.674316 0.448568 0.059570 0.092448
0 0.777832 0.664714 0.157227 0.558594
1 0.098145 0.638021 0.196289 0.510417
1 0.733887 0.660156 0.528320 0.398438
1 0.784668 0.442708 0.024414 0.020833