0 0.773926 0.612335 0.174805 0.622614
0 0.053711 0.690162 0.107422 0.616740
0 0.068359 0.500734 0.136718 0.405286
0 0.187988 0.479442 0.127930 0.362702
0 0.479004 0.526432 0.161133 0.421439
0 0.569824 0.405286 0.053711 0.232012
0 0.647949 0.371512 0.067383 0.193833
0 0.865723 0.338473 0.038086 0.057269
0 0.921875 0.337739 0.035156 0.079295
0 0.961426 0.331131 0.024414 0.057269
1 0.152344 0.374449 0.029297 0.017621
1 0.228027 0.375184 0.012695 0.013216
1 0.237305 0.364905 0.025391 0.019090
1 0.388672 0.339941 0.023438 0.010279
1 0.408691 0.354626 0.022461 0.013216
1 0.412598 0.358297 0.020508 0.014684
1 0.425293 0.344347 0.016602 0.016153
1 0.440918 0.355360 0.032227 0.020558
1 0.686035 0.345081 0.030273 0.020558