0 0.068848 0.446914 0.086914 0.370370
1 0.773926 0.562963 0.426758 0.419753
0 0.376953 0.533333 0.132813 0.432099
0 0.538574 0.554938 0.217773 0.514815
0 0.474609 0.449383 0.068359 0.251852
0 0.572754 0.374074 0.018555 0.061728
0 0.578125 0.333333 0.007813 0.024691
0 0.589355 0.382716 0.022461 0.106173
0 0.609863 0.378395 0.012695 0.092593
0 0.633301 0.397531 0.047852 0.125926
0 0.640137 0.362346 0.014648 0.050617
0 0.655762 0.388889 0.024414 0.103704
0 0.673340 0.382716 0.024414 0.101235
0 0.691895 0.372840 0.028320 0.101235
0 0.708008 0.375309 0.017578 0.091358
0 0.719727 0.375309 0.031250 0.076543
0 0.742188 0.350000 0.029297 0.058025
0 0.763672 0.358642 0.019531 0.045679
0 0.763184 0.324074 0.010742 0.025926
0 0.784180 0.350617 0.021484 0.046914
0 0.802734 0.350617 0.035156 0.049383