0 0.027344 0.601563 0.017578 0.033854
0 0.061523 0.720052 0.015625 0.059896
0 0.086914 0.697266 0.009766 0.027344
0 0.127930 0.675781 0.019531 0.059896
0 0.239746 0.568359 0.008789 0.040365
0 0.275391 0.418620 0.013672 0.027344
0 0.283203 0.578125 0.011719 0.046875
0 0.299316 0.491536 0.008789 0.029948
0 0.317383 0.852865 0.017578 0.052083
0 0.329590 0.882161 0.016602 0.071615
0 0.348633 0.874349 0.021484 0.063802
0 0.450684 0.649740 0.012695 0.041667
0 0.456055 0.462891 0.005859 0.032552
0 0.479004 0.602214 0.014648 0.027344
0 0.491211 0.430990 0.013672 0.033854
0 0.521484 0.449219 0.011719 0.026042
0 0.524414 0.483724 0.011719 0.035156
0 0.536621 0.411458 0.008789 0.023438
0 0.548828 0.447917 0.011719 0.031250
0 0.557617 0.451823 0.011719 0.039063
0 0.563965 0.417318 0.010742 0.029948
0 0.567871 0.451823 0.004883 0.031250
0 0.573242 0.656250 0.015625 0.039063
0 0.574707 0.417318 0.008789 0.024740
0 0.577148 0.611979 0.009766 0.039063
0 0.586914 0.708333 0.011719 0.054688
0 0.600098 0.708333 0.014648 0.057292
0 0.599609 0.432292 0.011719 0.023438
0 0.604004 0.678385 0.012695 0.033854
0 0.628906 0.791667 0.025391 0.049479
0 0.622070 0.562500 0.009766 0.023438
0 0.637695 0.880859 0.019531 0.050781
0 0.659668 0.695964 0.010742 0.045573
0 0.667480 0.798828 0.020508 0.053385
0 0.665039 0.718099 0.013672 0.058594
0 0.674316 0.706380 0.008789 0.058594
0 0.674316 0.455729 0.006836 0.018229
0 0.685059 0.467448 0.010742 0.033854
0 0.685547 0.612630 0.011719 0.045573
0 0.708984 0.862630 0.019531 0.074219
0 0.707520 0.620443 0.012695 0.048177
0 0.730469 0.642578 0.013672 0.050781
0 0.744629 0.460938 0.012695 0.033854
0 0.747559 0.698568 0.010742 0.055990
0 0.752930 0.499349 0.009766 0.029948
0 0.760254 0.467448 0.012695 0.041667
0 0.767090 0.483073 0.014648 0.036458
0 0.769531 0.557943 0.019531 0.048177
0 0.771973 0.847656 0.018555 0.070313
0 0.774414 0.515625 0.015625 0.028646
0 0.802246 0.749349 0.010742 0.063802
0 0.810059 0.486328 0.014648 0.037760
0 0.812500 0.519531 0.011719 0.039063
0 0.819336 0.753906 0.009766 0.046875
0 0.824219 0.792969 0.017578 0.059896
0 0.836426 0.763021 0.016602 0.057292
0 0.842773 0.787109 0.015625 0.066406
0 0.848145 0.655599 0.020508 0.029948
0 0.852539 0.796224 0.019531 0.066406
0 0.856445 0.611328 0.013672 0.053385
0 0.864258 0.621094 0.011719 0.044271
0 0.876465 0.617188 0.012695 0.036458
0 0.876465 0.646484 0.012695 0.035156
0 0.882813 0.561198 0.015625 0.044271
0 0.896484 0.854818 0.015625 0.071615
0 0.897949 0.652344 0.016602 0.041667
0 0.905273 0.570964 0.015625 0.045573
0 0.909668 0.871094 0.020508 0.067708
0 0.915039 0.587240 0.015625 0.044271
0 0.933105 0.591146 0.012695 0.044271
0 0.962402 0.849609 0.016602 0.069010
1 0.023926 0.380859 0.047852 0.027344
1 0.263184 0.286458 0.024414 0.031250
1 0.285156 0.317057 0.029297 0.037760
1 0.306641 0.298177 0.023438 0.028646
1 0.314941 0.256510 0.016602 0.028646
1 0.324707 0.277995 0.020508 0.011719
1 0.330566 0.251953 0.014648 0.022135
1 0.339844 0.244792 0.013672 0.023438
1 0.366211 0.253255 0.017578 0.024740
1 0.498047 0.265625 0.015625 0.018229
1 0.541016 0.294271 0.011719 0.020833
1 0.547852 0.175130 0.005859 0.009115
1 0.549805 0.212240 0.009766 0.013021
1 0.638672 0.405599 0.060547 0.035156
1 0.652344 0.407552 0.060547 0.031250
1 0.655273 0.423177 0.066406 0.044271
1 0.705566 0.401693 0.053711 0.035156
1 0.714355 0.430990 0.053711 0.028646
1 0.726074 0.442708 0.067383 0.039063