1 0.907715 0.386861 0.137695 0.145985
0 0.060547 0.357664 0.048828 0.163504
0 0.106934 0.354745 0.043945 0.166423
0 0.149902 0.391971 0.045898 0.103650
0 0.203125 0.389051 0.041016 0.086131
0 0.246582 0.364964 0.043945 0.131387
0 0.369629 0.318978 0.122070 0.313869
0 0.450684 0.271533 0.090820 0.201460
0 0.628906 0.353285 0.037109 0.143066
0 0.646484 0.396350 0.033203 0.103650
0 0.681152 0.372993 0.032227 0.153285
0 0.701172 0.400730 0.050781 0.103650
0 0.716797 0.322628 0.025391 0.096350
0 0.744141 0.327007 0.027344 0.087591
0 0.774902 0.367153 0.036133 0.138686
0 0.867676 0.391241 0.045898 0.113869
0 0.918457 0.395620 0.047852 0.122628
1 0.430176 0.456204 0.434570 0.588321