0 0.033691 0.533724 0.022461 0.070381
0 0.205078 0.574047 0.027344 0.133431
0 0.299316 0.573314 0.026367 0.126100
0 0.323242 0.562317 0.027344 0.104106
0 0.511719 0.642962 0.052734 0.197947
0 0.635742 0.547654 0.023438 0.080645
0 0.767578 0.626833 0.054688 0.218475
0 0.838379 0.622434 0.071289 0.253666
0 0.939453 0.656158 0.064453 0.171554
1 0.178711 0.818915 0.357422 0.356305
1 0.088867 0.532258 0.105469 0.087977
1 0.173828 0.545455 0.089844 0.099707
1 0.424805 0.532991 0.046875 0.051320
1 0.485352 0.533724 0.037109 0.055718
1 0.509277 0.538123 0.041992 0.061584