0 0.054688 0.330657 0.109375 0.439416
0 0.115723 0.219708 0.038086 0.094891
0 0.128418 0.116788 0.043945 0.131387
0 0.139160 0.127737 0.057617 0.127007
0 0.246582 0.481752 0.202148 0.937226
0 0.177734 0.116058 0.046875 0.179562
0 0.419922 0.446715 0.234375 0.887591
0 0.438965 0.102920 0.083008 0.080292
0 0.572754 0.269343 0.131836 0.337226
0 0.533203 0.103650 0.046875 0.096350
0 0.763184 0.567883 0.471680 0.861314
0 0.732422 0.342336 0.292969 0.684672
0 0.874512 0.341606 0.147461 0.586861
0 0.932617 0.121168 0.064453 0.134307
0 0.978027 0.114599 0.041992 0.118248
1 0.322754 0.298540 0.479492 0.334307