1 0.527344 0.590909 0.808594 0.521886
0 0.030762 0.545455 0.061523 0.410774
0 0.111816 0.457912 0.024414 0.144781
0 0.131348 0.455387 0.041992 0.163300
0 0.153809 0.507576 0.051758 0.203704
0 0.173340 0.429293 0.028320 0.080808
0 0.250488 0.428451 0.026367 0.062290
0 0.273926 0.430135 0.041992 0.065657
0 0.279297 0.409091 0.025391 0.067340
0 0.338379 0.414983 0.032227 0.092593
0 0.527344 0.441077 0.066406 0.087542
0 0.793457 0.430135 0.049805 0.119529
0 0.900879 0.616162 0.073242 0.441077
0 0.939453 0.498316 0.025391 0.124579
0 0.960938 0.528620 0.033203 0.181818
0 0.980957 0.562290 0.036133 0.215488
1 0.254395 0.449495 0.151367 0.134680
1 0.867188 0.505051 0.128906 0.175084