1 0.086914 0.693084 0.173828 0.155620
0 0.091797 0.599424 0.015625 0.066282
0 0.109863 0.603026 0.012695 0.064841
0 0.123047 0.602305 0.007813 0.060519
0 0.132813 0.602305 0.011719 0.066282
0 0.143555 0.589337 0.011719 0.057637
0 0.151367 0.588617 0.009766 0.047550
0 0.213867 0.761527 0.083984 0.425072
0 0.263672 0.585735 0.013672 0.030259
0 0.293457 0.588617 0.010742 0.021614
0 0.312500 0.587896 0.009766 0.025937
0 0.320801 0.597983 0.012695 0.034582
0 0.348633 0.614553 0.015625 0.082133
0 0.382813 0.626081 0.021484 0.082133
0 0.392578 0.626801 0.021484 0.080692
0 0.400391 0.608790 0.009766 0.082133
0 0.412598 0.612392 0.012695 0.074928
0 0.432129 0.609510 0.022461 0.080692
0 0.446289 0.606628 0.011719 0.083573
0 0.462891 0.612392 0.017578 0.074928
0 0.477539 0.609510 0.011719 0.077810
0 0.962891 0.596542 0.017578 0.048991
0 0.982422 0.663545 0.033203 0.171470
0 0.974609 0.600865 0.009766 0.031700
1 0.039063 0.626081 0.078125 0.061960
1 0.191406 0.652738 0.220703 0.109510
1 0.305664 0.636888 0.097656 0.077810
1 0.627930 0.621758 0.126953 0.070605
1 0.706055 0.625360 0.019531 0.034582
1 0.917969 0.606628 0.052734 0.048991