1 0.514160 0.580764 0.897461 0.732746
0 0.014160 0.219530 0.028320 0.130690
0 0.037598 0.254772 0.040039 0.139501
0 0.074219 0.232012 0.025391 0.108664
0 0.081543 0.164464 0.028320 0.038179
0 0.088867 0.305433 0.029297 0.167401
0 0.096191 0.164464 0.022461 0.041116
0 0.114746 0.259178 0.049805 0.157122
0 0.156738 0.215125 0.026367 0.101322
0 0.167969 0.206314 0.031250 0.089574
0 0.179199 0.234214 0.030273 0.092511
0 0.188965 0.243025 0.041992 0.060206
0 0.190918 0.185756 0.020508 0.045521
0 0.199219 0.201175 0.023438 0.038179
0 0.220215 0.187959 0.024414 0.073421
0 0.228516 0.250367 0.027344 0.063142
0 0.285156 0.222467 0.023438 0.069016
0 0.301758 0.227606 0.029297 0.058737
0 0.322266 0.231278 0.013672 0.033774
0 0.328613 0.178414 0.022461 0.045521
0 0.339355 0.203377 0.018555 0.083700
0 0.369629 0.212188 0.020508 0.057269
0 0.390625 0.209985 0.023438 0.049927
0 0.402344 0.209985 0.017578 0.055800
0 0.419922 0.208517 0.017578 0.052863
0 0.471680 0.216593 0.025391 0.042584
0 0.479980 0.220999 0.032227 0.039648
0 0.506348 0.211454 0.012695 0.046990
0 0.560059 0.213656 0.020508 0.036711
0 0.562988 0.209985 0.022461 0.052863
0 0.592285 0.233480 0.026367 0.076358
0 0.613281 0.250367 0.037109 0.069016
0 0.616211 0.225404 0.021484 0.051395
0 0.636230 0.238620 0.022461 0.069016
0 0.650391 0.239354 0.019531 0.067548
0 0.665039 0.235683 0.021484 0.071953
0 0.684570 0.226138 0.031250 0.079295
0 0.692383 0.268722 0.033203 0.099853
0 0.726563 0.356094 0.078125 0.224670
0 0.714355 0.227606 0.030273 0.105727
0 0.732910 0.241557 0.022461 0.054332
0 0.742188 0.192364 0.033203 0.055800
0 0.759277 0.250367 0.030273 0.071953
0 0.764160 0.220999 0.022461 0.045521
0 0.777344 0.242291 0.017578 0.088106
0 0.789063 0.268722 0.029297 0.146843
0 0.795898 0.196035 0.023438 0.057269
0 0.817383 0.193833 0.019531 0.026432
0 0.840820 0.281938 0.037109 0.155653
0 0.838379 0.197504 0.024414 0.069016
0 0.859863 0.211454 0.032227 0.067548
0 0.876953 0.287812 0.048828 0.187959
0 0.887695 0.190162 0.027344 0.019090
0 0.904785 0.209985 0.012695 0.052863
0 0.926758 0.290015 0.035156 0.204112
0 0.939453 0.187225 0.029297 0.051395
0 0.960449 0.298825 0.036133 0.154185
0 0.967285 0.205580 0.043945 0.049927
0 0.986328 0.234214 0.025391 0.077827
0 0.993164 0.209251 0.011719 0.042584
1 0.051758 0.411894 0.103516 0.271659