0 0.087891 0.543192 0.013672 0.046852
0 0.265137 0.545388 0.018555 0.051245
0 0.547852 0.601025 0.052734 0.215227
1 0.198242 0.541728 0.031250 0.035139
1 0.233887 0.538067 0.065430 0.036603
1 0.250488 0.543192 0.061523 0.023426
1 0.284668 0.542460 0.030273 0.033675
1 0.315430 0.538067 0.062500 0.033675
1 0.370117 0.544656 0.072266 0.038067
1 0.411621 0.539531 0.026367 0.030747
1 0.435547 0.548316 0.021484 0.030747
1 0.465332 0.550512 0.038086 0.049780
1 0.483398 0.538067 0.044922 0.036603
1 0.659668 0.542460 0.047852 0.051245
1 0.706543 0.534407 0.047852 0.043924
1 0.741699 0.529283 0.038086 0.039531
1 0.765625 0.526354 0.031250 0.033675
1 0.787109 0.526354 0.021484 0.027818
1 0.804688 0.522694 0.015625 0.020498
1 0.845703 0.515373 0.007813 0.011713
1 0.862793 0.516837 0.024414 0.014641