0 0.006348 0.436310 0.012695 0.061493
0 0.020996 0.708638 0.041992 0.427526
0 0.066895 0.453148 0.020508 0.062958
0 0.157715 0.586384 0.083008 0.370425
0 0.258301 0.572474 0.090820 0.389458
0 0.286133 0.478038 0.017578 0.080527
0 0.306152 0.483163 0.028320 0.102489
0 0.357910 0.515373 0.041992 0.178624
0 0.437012 0.521230 0.053711 0.187408
0 0.553223 0.689605 0.149414 0.617862
0 0.915039 0.224012 0.025391 0.040996
0 0.963379 0.537335 0.071289 0.161054
0 0.949219 0.214495 0.027344 0.045388
0 0.981934 0.534407 0.034180 0.131772
1 0.021973 0.467057 0.038086 0.017570
1 0.023926 0.478038 0.041992 0.042460
1 0.024414 0.455344 0.042969 0.049780
1 0.046387 0.443631 0.061523 0.049780
1 0.181641 0.450952 0.015625 0.035139
1 0.292969 0.447291 0.025391 0.027818
1 0.337891 0.477306 0.072266 0.093704
1 0.558594 0.508053 0.210938 0.128843
1 0.791992 0.741581 0.414063 0.513909