0 0.082520 0.615234 0.071289 0.300781
0 0.136719 0.604167 0.083984 0.294271
0 0.148926 0.451823 0.030273 0.109375
0 0.219238 0.690755 0.124023 0.381510
0 0.172363 0.434245 0.022461 0.082031
0 0.188477 0.466146 0.046875 0.062500
0 0.189453 0.518229 0.041016 0.104167
0 0.320801 0.686849 0.079102 0.352865
0 0.332031 0.521484 0.037109 0.082031
0 0.362305 0.476563 0.031250 0.072917
0 0.431641 0.666016 0.082031 0.329427
0 0.553711 0.647135 0.078125 0.333333
0 0.558594 0.489583 0.056641 0.104167
0 0.613770 0.469401 0.061523 0.131510
0 0.670410 0.673177 0.075195 0.315104
0 0.694336 0.466146 0.066406 0.111979
0 0.757813 0.518880 0.087891 0.076823
0 0.870117 0.653646 0.089844 0.330729
0 0.967773 0.573568 0.062500 0.261719
1 0.519531 0.419271 0.144531 0.093750
1 0.888184 0.514974 0.184570 0.157552
1 0.868652 0.417969 0.081055 0.036458
1 0.908691 0.397135 0.092773 0.046875
1 0.946289 0.406901 0.105469 0.055990
1 0.971680 0.449219 0.054688 0.065104