1 0.066406 0.249635 0.111328 0.122628
0 0.019043 0.216058 0.018555 0.029197
0 0.234863 0.701460 0.245117 0.591241
0 0.318848 0.187591 0.041992 0.048175
0 0.319824 0.172263 0.022461 0.058394
0 0.506836 0.425547 0.125000 0.456934
0 0.466797 0.182482 0.025391 0.023358
0 0.629883 0.332117 0.058594 0.270073
0 0.653809 0.321168 0.051758 0.254015
0 0.811035 0.685401 0.321289 0.626277
0 0.741699 0.199270 0.006836 0.030657
0 0.748535 0.199270 0.008789 0.030657
1 0.014648 0.240146 0.029296 0.042336
1 0.686035 0.218248 0.026367 0.039416
1 0.815430 0.201460 0.041016 0.040876
1 0.848633 0.210219 0.072266 0.046715
1 0.949219 0.193431 0.023438 0.024818
1 0.984375 0.195620 0.029297 0.026277