0 0.061035 0.301432 0.096680 0.373698
1 0.482422 0.494141 0.882813 0.701823
0 0.315918 0.179688 0.012695 0.059896
0 0.341797 0.164714 0.019531 0.035156
0 0.355469 0.169271 0.013672 0.033854
0 0.380859 0.171224 0.017578 0.048177
0 0.404785 0.158854 0.018555 0.023438
0 0.458496 0.138021 0.065430 0.091146
0 0.497070 0.151042 0.035156 0.044271
0 0.544434 0.153646 0.020508 0.028646
0 0.821289 0.242839 0.044922 0.095052
0 0.879395 0.209635 0.040039 0.148438
0 0.941406 0.173828 0.023438 0.037760
0 0.986328 0.233724 0.025391 0.162760
1 0.202148 0.362630 0.404296 0.298177
1 0.183105 0.231771 0.243164 0.106771