0 0.110352 0.877604 0.082031 0.197917
0 0.100098 0.867839 0.047852 0.157552
0 0.133301 0.878906 0.077148 0.190104
0 0.162109 0.861979 0.052734 0.166667
0 0.211426 0.865885 0.065430 0.169271
0 0.229004 0.863281 0.028320 0.156250
0 0.241211 0.828125 0.037109 0.098958
0 0.252441 0.881510 0.010742 0.033854
0 0.289551 0.865885 0.041992 0.203125
0 0.332031 0.891927 0.048828 0.145833
0 0.372070 0.873698 0.074219 0.239583
0 0.384766 0.878255 0.074219 0.199219
0 0.416504 0.830078 0.026367 0.121094
0 0.459473 0.873047 0.079102 0.196615
0 0.448242 0.862630 0.041016 0.186198
0 0.469727 0.837891 0.027344 0.139323
0 0.498535 0.883464 0.079102 0.209635
0 0.521484 0.824870 0.027344 0.053385
0 0.554688 0.872396 0.033203 0.192708
0 0.560059 0.873698 0.016602 0.177083
0 0.577148 0.861979 0.017578 0.114583
0 0.628906 0.889323 0.060547 0.156250
0 0.669922 0.873047 0.070313 0.178385
0 0.778320 0.837240 0.044922 0.111979
0 0.779785 0.846354 0.032227 0.088542
0 0.807617 0.832682 0.025391 0.108073
0 0.836914 0.828776 0.041016 0.105469
0 0.857422 0.835286 0.027344 0.087240
0 0.945313 0.819010 0.023438 0.078125
0 0.958984 0.805990 0.011719 0.039063
1 0.861328 0.891276 0.275391 0.214844