0 0.395508 0.081380 0.007813 0.035156
0 0.410645 0.074219 0.012695 0.049479
0 0.438965 0.085286 0.010742 0.055990
0 0.651367 0.153646 0.056641 0.192708
0 0.698730 0.117839 0.041992 0.149740
0 0.961914 0.217448 0.072266 0.281250
1 0.060059 0.068359 0.036133 0.053385
1 0.335449 0.145833 0.278320 0.177083
1 0.472656 0.085938 0.046875 0.046875
1 0.586426 0.089193 0.045898 0.045573
1 0.621582 0.083984 0.034180 0.022135
1 0.736328 0.100260 0.044922 0.036458
1 0.860352 0.141276 0.134766 0.108073
1 0.949219 0.156901 0.039063 0.055990