0 0.178223 0.359559 0.055664 0.180882
0 0.292969 0.340441 0.017578 0.030882
0 0.315918 0.352941 0.040039 0.067647
0 0.324707 0.335294 0.024414 0.035294
0 0.375488 0.363971 0.022461 0.077941
0 0.418945 0.427206 0.039063 0.242647
0 0.460938 0.400000 0.025391 0.158824
0 0.487793 0.397059 0.024414 0.141176
0 0.534180 0.429412 0.058594 0.223529
0 0.570313 0.448529 0.048828 0.261765
0 0.607910 0.341176 0.018555 0.064706
0 0.653320 0.407353 0.066406 0.188235
0 0.695801 0.336765 0.028320 0.108824
0 0.742188 0.372794 0.029297 0.077941
0 0.779785 0.366176 0.057617 0.138235
0 0.801270 0.322059 0.038086 0.117647
0 0.840820 0.343382 0.037109 0.154412
1 0.104004 0.401471 0.049805 0.067647
1 0.769531 0.354412 0.126953 0.082353