0 0.921875 0.549048 0.058594 0.178624
0 0.009277 0.457540 0.018554 0.098097
0 0.059570 0.592240 0.068359 0.130307
0 0.140137 0.561493 0.063477 0.194729
0 0.140137 0.452416 0.016602 0.049780
0 0.159180 0.450952 0.017578 0.035139
0 0.215820 0.593704 0.060547 0.153734
0 0.231934 0.534407 0.024414 0.052709
0 0.259277 0.625183 0.022461 0.052709
0 0.433105 0.628111 0.063477 0.049780
0 0.701172 0.516837 0.253906 0.286969
0 0.629395 0.518302 0.043945 0.125915
0 0.705566 0.514641 0.057617 0.115666
0 0.858398 0.549780 0.064453 0.156662
1 0.070313 0.428258 0.076172 0.086384
1 0.192383 0.498536 0.099609 0.153734
1 0.201172 0.412884 0.037109 0.052709
1 0.908203 0.409224 0.064453 0.051245
1 0.962402 0.417277 0.073242 0.084919
1 0.976563 0.392387 0.044922 0.029283