0 0.496582 0.878299 0.057617 0.196481
1 0.125000 0.873167 0.234375 0.215543
0 0.047363 0.781525 0.049805 0.058651
0 0.099609 0.843842 0.082031 0.274194
0 0.219238 0.824780 0.022461 0.071848
0 0.257813 0.846041 0.048828 0.202346
0 0.313477 0.867302 0.035156 0.156891
0 0.308105 0.871701 0.022461 0.156891
0 0.355957 0.856305 0.040039 0.175953
0 0.404785 0.876100 0.026367 0.083578
0 0.416016 0.870968 0.015625 0.046921
0 0.437500 0.878299 0.019531 0.096774
0 0.531738 0.862170 0.036133 0.193548
0 0.583008 0.854839 0.048828 0.231672
0 0.656738 0.868035 0.047852 0.190616
0 0.715332 0.873167 0.040039 0.186217
0 0.750488 0.873167 0.026367 0.112903
0 0.780762 0.881232 0.024414 0.108504
0 0.838379 0.881232 0.024414 0.090909
0 0.940430 0.892229 0.017578 0.104106
0 0.973145 0.855572 0.051758 0.285924
1 0.579590 0.863636 0.114258 0.134897
1 0.799316 0.882698 0.030273 0.038123
1 0.852051 0.878299 0.055664 0.061584