0 0.939453 0.347656 0.082031 0.343750
0 0.081055 0.699219 0.162109 0.479167
0 0.221191 0.563802 0.122070 0.291667
0 0.351074 0.815104 0.305664 0.364583
0 0.435059 0.302083 0.051758 0.072917
0 0.471191 0.322917 0.049805 0.125000
0 0.498047 0.309896 0.046875 0.098958
0 0.523926 0.315104 0.051758 0.109375
0 0.553711 0.339844 0.044922 0.135417
0 0.587891 0.344401 0.044922 0.160156
0 0.637695 0.356771 0.050781 0.213542
0 0.696289 0.352214 0.058594 0.235677
0 0.722656 0.358073 0.056641 0.195313
0 0.766602 0.330729 0.056641 0.187500
0 0.829590 0.308594 0.065430 0.148438
0 0.860352 0.319010 0.068359 0.190104
0 0.884277 0.273438 0.034180 0.101563
0 0.972656 0.276693 0.039063 0.100260
0 0.979492 0.393229 0.037109 0.312500
1 0.446289 0.503255 0.437500 0.329427