0 0.847656 0.444363 0.130859 0.713031
1 0.430664 0.566618 0.748047 0.723280
0 0.004395 0.179356 0.008789 0.051245
0 0.037109 0.242313 0.064453 0.177160
0 0.031738 0.147877 0.028320 0.032211
0 0.074219 0.136896 0.042969 0.065886
0 0.066406 0.187408 0.025391 0.125915
0 0.088867 0.211567 0.029297 0.200586
0 0.132324 0.190337 0.098633 0.240117
0 0.225586 0.175695 0.083984 0.216691
0 0.271973 0.185944 0.030273 0.122987
0 0.287598 0.194729 0.041992 0.172767
0 0.336426 0.170571 0.014648 0.027818
0 0.365723 0.161054 0.008789 0.014641
0 0.371094 0.170571 0.013672 0.033675
0 0.396973 0.211567 0.036133 0.159590
0 0.449707 0.172767 0.014648 0.011713
0 0.483887 0.172767 0.014648 0.023426
0 0.496582 0.170571 0.006836 0.019034
0 0.516602 0.215227 0.017578 0.158126
0 0.546875 0.146413 0.046875 0.117130
0 0.686035 0.171303 0.071289 0.202050
0 0.660645 0.130307 0.014648 0.023426
0 0.791992 0.163250 0.025391 0.074671
0 0.862305 0.224012 0.052734 0.152269
0 0.964355 0.275988 0.069336 0.291362
1 0.019043 0.282577 0.038086 0.090776
1 0.205078 0.410688 0.410156 0.373353
1 0.462891 0.183748 0.031250 0.013177