0 0.876465 0.464048 0.083008 0.283622
1 0.542480 0.672437 0.583008 0.585885
0 0.050781 0.375499 0.050781 0.090546
0 0.152344 0.636485 0.156250 0.569907
0 0.124512 0.499334 0.086914 0.348868
0 0.239746 0.386818 0.069336 0.147803
0 0.257813 0.651132 0.095703 0.527297
0 0.293945 0.389481 0.105469 0.307590
0 0.315430 0.451398 0.058594 0.276964
0 0.400879 0.334221 0.030273 0.071904
0 0.428711 0.336218 0.011719 0.057257
0 0.527344 0.519308 0.119141 0.141145
0 0.565918 0.407457 0.071289 0.170439
0 0.637207 0.368176 0.049805 0.075899
0 0.712402 0.361518 0.040039 0.094541
0 0.740723 0.368842 0.040039 0.079893
0 0.776855 0.437417 0.088867 0.214381
0 0.954590 0.409454 0.041992 0.137150
1 0.128906 0.430759 0.248047 0.299601
1 0.381348 0.398136 0.129883 0.167776
1 0.485352 0.336884 0.125000 0.127830
1 0.650879 0.354194 0.067383 0.082557