0 0.856934 0.626833 0.243164 0.714076
1 0.281250 0.609238 0.539063 0.555718
0 0.016113 0.414956 0.032226 0.126100
0 0.113281 0.406158 0.041016 0.126100
0 0.149902 0.410557 0.016602 0.102639
0 0.540527 0.399560 0.006836 0.039589
0 0.547852 0.398827 0.007813 0.035191
0 0.547852 0.401760 0.000000 0.035191
0 0.557129 0.401760 0.006836 0.032258
0 0.569336 0.394428 0.007813 0.049853
0 0.581055 0.400293 0.003906 0.029326
0 0.589844 0.403959 0.007813 0.036657
0 0.589844 0.407625 0.000000 0.043988
0 0.604980 0.400293 0.012695 0.043988
0 0.611816 0.410557 0.020508 0.117302
0 0.624023 0.450147 0.033203 0.152493
0 0.637207 0.451613 0.045898 0.228739
0 0.648926 0.494135 0.038086 0.284457
0 0.670410 0.512463 0.075195 0.373900
0 0.730957 0.621701 0.129883 0.598240
0 0.966797 0.452346 0.064453 0.271261