1 0.605957 0.873047 0.290039 0.225260
0 0.117188 0.755208 0.052734 0.091146
0 0.224609 0.863932 0.066406 0.269531
0 0.265137 0.707031 0.014648 0.023438
0 0.429199 0.746094 0.026367 0.044271
0 0.505859 0.733073 0.025391 0.033854
0 0.562012 0.834635 0.034180 0.036458
0 0.660645 0.824219 0.049805 0.067708
0 0.971680 0.858724 0.048828 0.097656
1 0.072754 0.873047 0.145508 0.251302
1 0.174805 0.814453 0.076172 0.167969
1 0.158203 0.644531 0.033203 0.057292
1 0.250488 0.800130 0.079102 0.175781
1 0.241211 0.637370 0.044922 0.063802
1 0.462891 0.800781 0.218750 0.213542
1 0.845703 0.873047 0.306641 0.251302
1 0.971191 0.931641 0.053711 0.134115