1 0.951172 0.724012 0.087891 0.103953
0 0.423340 0.784773 0.104492 0.333821
0 0.644043 0.702050 0.038086 0.159590
1 0.167480 0.698389 0.036133 0.046852
1 0.332031 0.711567 0.054688 0.087848
1 0.415039 0.689605 0.011719 0.026354
1 0.452637 0.673499 0.014648 0.040996
1 0.458008 0.669107 0.017578 0.035139
1 0.475098 0.656662 0.020508 0.033675
1 0.503418 0.690337 0.053711 0.048316
1 0.488281 0.650805 0.005859 0.019034
1 0.491211 0.644217 0.007813 0.014641
1 0.506836 0.647145 0.017578 0.014641
1 0.558594 0.654466 0.017578 0.020498
1 0.577148 0.642020 0.013672 0.010249
1 0.589355 0.655198 0.016602 0.019034