0 0.921387 0.456808 0.100586 0.480234
0 0.043945 0.279649 0.074219 0.190337
0 0.154297 0.546852 0.171875 0.513909
0 0.269531 0.299414 0.058594 0.224012
0 0.390625 0.803075 0.277344 0.390922
0 0.507324 0.568814 0.161133 0.537335
0 0.568848 0.336750 0.069336 0.316252
0 0.620117 0.191069 0.029297 0.101025
0 0.646973 0.186676 0.032227 0.071742
0 0.731934 0.193997 0.026367 0.115666
0 0.842773 0.460469 0.091797 0.361640
0 0.950684 0.201318 0.041992 0.118594
0 0.968262 0.462665 0.061523 0.377745
1 0.203613 0.132504 0.032227 0.021962
1 0.286621 0.132504 0.040039 0.021962
1 0.308594 0.125183 0.023438 0.016105
1 0.328613 0.125183 0.012695 0.016105
1 0.346191 0.129575 0.008789 0.016105
1 0.373535 0.182284 0.061523 0.060029