1 0.542969 0.811198 0.162109 0.088542
0 0.080566 0.830078 0.081055 0.097656
0 0.511230 0.765625 0.018555 0.052083
0 0.529785 0.761068 0.024414 0.027344
0 0.641602 0.765625 0.023438 0.039063
0 0.708984 0.758464 0.019531 0.040365
0 0.734375 0.759115 0.015625 0.039063
0 0.804688 0.745443 0.021484 0.029948
1 0.030762 0.812500 0.061523 0.075521
1 0.064941 0.964844 0.129882 0.067708
1 0.677734 0.797526 0.134766 0.074219
1 0.770020 0.788411 0.131836 0.061198
1 0.908691 0.774740 0.098633 0.070313
1 0.953125 0.807292 0.091797 0.106771