0 0.742676 0.519531 0.198242 0.734375
1 0.416504 0.599609 0.688477 0.597656
1 0.233398 0.431641 0.466796 0.444010
1 0.354492 0.289063 0.031250 0.018229
1 0.364746 0.282552 0.022461 0.020833
1 0.401855 0.291667 0.086914 0.041667
1 0.451660 0.274089 0.022461 0.016927
1 0.482422 0.287109 0.035156 0.019531
1 0.517090 0.283854 0.034180 0.015625
1 0.597168 0.287760 0.145508 0.054688
1 0.679688 0.287760 0.017578 0.020833
1 0.878418 0.322266 0.110352 0.108073
1 0.921387 0.281250 0.036133 0.013021
1 0.923828 0.299479 0.039063 0.046875
1 0.961914 0.335286 0.074219 0.126302