0 0.594727 0.539531 0.093750 0.373353
0 0.087891 0.456808 0.027344 0.158126
0 0.141602 0.398975 0.025391 0.062958
0 0.184082 0.384334 0.024414 0.054173
0 0.195313 0.403367 0.035156 0.051245
0 0.225098 0.297950 0.012695 0.068814
0 0.247559 0.419473 0.026367 0.086384
0 0.276855 0.409224 0.032227 0.106881
0 0.353516 0.439971 0.027344 0.130307
0 0.395996 0.432650 0.024414 0.130307
0 0.427734 0.428258 0.033203 0.130307
0 0.451660 0.429722 0.026367 0.136164
0 0.480957 0.436310 0.022461 0.125915
0 0.491699 0.404832 0.018555 0.106881
0 0.509766 0.413616 0.009766 0.086384
0 0.520020 0.409956 0.016602 0.105417
0 0.535645 0.412884 0.016602 0.090776
0 0.635254 0.385798 0.020508 0.042460
0 0.667480 0.368960 0.073242 0.061493
0 0.719238 0.385798 0.022461 0.036603
0 0.749512 0.377745 0.032227 0.081991
0 0.786621 0.396779 0.032227 0.073206
0 0.825195 0.447291 0.095703 0.502196
0 0.927246 0.442899 0.092773 0.446559
0 0.969238 0.434846 0.053711 0.243045
1 0.663086 0.467057 0.310547 0.149341