0 0.537598 0.507813 0.108398 0.296875
1 0.156738 0.561198 0.307617 0.330729
0 0.359375 0.524089 0.082031 0.246094
0 0.409668 0.490885 0.075195 0.247396
0 0.826172 0.431641 0.039063 0.131510
0 0.976074 0.434896 0.043945 0.161458
1 0.223633 0.382813 0.044922 0.026042
1 0.249023 0.382813 0.031250 0.023438
1 0.501953 0.375000 0.027344 0.015625
1 0.605957 0.429688 0.129883 0.132813
1 0.730957 0.410807 0.100586 0.089844
1 0.917480 0.418620 0.071289 0.084635
1 0.922852 0.374349 0.023438 0.009115
1 0.946777 0.377604 0.022461 0.015625