0 0.236816 0.215495 0.165039 0.233073
1 0.433594 0.511068 0.755859 0.858073
0 0.119629 0.263021 0.041992 0.119792
0 0.141602 0.197917 0.072266 0.096354
0 0.473145 0.190755 0.036133 0.079427
0 0.514648 0.199870 0.033203 0.071615
0 0.542480 0.189453 0.026367 0.050781
0 0.601074 0.167318 0.028320 0.024740
0 0.789063 0.231120 0.070313 0.246094
0 0.841797 0.146484 0.023438 0.035156
0 0.963867 0.340495 0.070313 0.303385
1 0.104004 0.414063 0.204102 0.348958
1 0.072754 0.195964 0.135742 0.115885
1 0.362793 0.222656 0.145508 0.109375
1 0.605469 0.197266 0.152344 0.089844
1 0.908203 0.229167 0.181641 0.166667