1 0.862305 0.819118 0.253906 0.300000
0 0.043457 0.367647 0.028320 0.173529
0 0.092285 0.352941 0.038086 0.185294
0 0.208984 0.549265 0.041016 0.219118
0 0.204590 0.334559 0.018555 0.104412
0 0.243652 0.342647 0.040039 0.135294
0 0.272949 0.560294 0.030273 0.176471
0 0.306641 0.322794 0.031250 0.127941
0 0.308594 0.505147 0.035156 0.177941
0 0.372070 0.502941 0.029297 0.197059
0 0.392090 0.440441 0.030273 0.051471
0 0.415527 0.524265 0.053711 0.186765
0 0.422363 0.181618 0.024414 0.133824
0 0.424316 0.424265 0.020508 0.051471
0 0.437988 0.411029 0.022461 0.051471
0 0.445313 0.180882 0.029297 0.176471
0 0.458496 0.467647 0.041992 0.079412
0 0.568359 0.328676 0.029297 0.136765
0 0.595703 0.314706 0.021484 0.155882
0 0.634277 0.230147 0.040039 0.057353
0 0.634277 0.303676 0.040039 0.145588
0 0.646484 0.502206 0.042969 0.183824
0 0.657715 0.334559 0.038086 0.072059
0 0.676758 0.276471 0.044922 0.117647
0 0.699219 0.444853 0.021484 0.036765
0 0.718262 0.505882 0.032227 0.144118
0 0.730957 0.538971 0.026367 0.133824
0 0.759277 0.554412 0.026367 0.194118
0 0.821777 0.459559 0.053711 0.075000
0 0.838379 0.425735 0.034180 0.092647
0 0.889648 0.441176 0.056641 0.073529
1 0.513184 0.614706 0.243164 0.247059
1 0.608887 0.883088 0.303711 0.230882
1 0.691406 0.162500 0.179688 0.219118
1 0.888184 0.623529 0.221680 0.326471
1 0.892578 0.047794 0.156250 0.092647
1 0.975098 0.516176 0.047852 0.082353
1 0.993652 0.161029 0.010742 0.072059