0 0.127441 0.766423 0.202148 0.367883
0 0.106934 0.382482 0.061523 0.075912
0 0.185547 0.581752 0.113281 0.232117
0 0.241699 0.309489 0.036133 0.189781
0 0.250000 0.197080 0.021484 0.064234
0 0.268066 0.351825 0.051758 0.201460
0 0.369141 0.362774 0.052734 0.202920
0 0.818359 0.470803 0.046875 0.308029
0 0.905273 0.494161 0.082031 0.345985
1 0.200684 0.147445 0.024414 0.014599
1 0.283203 0.161314 0.046875 0.027737
1 0.362305 0.189051 0.056641 0.062774
1 0.379395 0.148175 0.043945 0.021898
1 0.382324 0.164964 0.038086 0.049635
1 0.405273 0.164234 0.017578 0.036496
1 0.432617 0.149635 0.048828 0.024818
1 0.480469 0.129927 0.023438 0.020438
1 0.496094 0.140146 0.035156 0.023358
1 0.513672 0.129197 0.017578 0.010219
1 0.529297 0.120438 0.013672 0.013139
1 0.546387 0.154745 0.022461 0.032117
1 0.584961 0.120438 0.013672 0.013139
1 0.613281 0.121168 0.019531 0.014599
1 0.678711 0.207299 0.083984 0.058394
1 0.914063 0.132847 0.042969 0.026277