1 0.623535 0.630719 0.637695 0.575163
0 0.018066 0.339052 0.036132 0.161765
0 0.022461 0.514706 0.044922 0.372549
0 0.212402 0.527778 0.088867 0.434641
0 0.204590 0.274510 0.038086 0.173203
0 0.316895 0.328431 0.051758 0.232026
0 0.398438 0.442810 0.070313 0.349673
0 0.439941 0.426471 0.053711 0.307190
0 0.488281 0.423203 0.037109 0.160131
0 0.495605 0.288399 0.041992 0.112745
0 0.541016 0.348856 0.054688 0.204248
0 0.575195 0.292484 0.046875 0.117647
0 0.635254 0.293301 0.049805 0.102941
0 0.745117 0.295752 0.050781 0.176471
0 0.800781 0.325163 0.039063 0.104575
0 0.975586 0.375817 0.041016 0.267974