1 0.442383 0.507813 0.722656 0.682292
0 0.065430 0.147135 0.072266 0.125000
0 0.136719 0.192057 0.058594 0.157552
0 0.214844 0.220052 0.134766 0.406250
0 0.383301 0.182292 0.036133 0.135417
0 0.443359 0.138672 0.025391 0.066406
0 0.473145 0.144531 0.022461 0.039063
0 0.800781 0.189453 0.033203 0.128906
0 0.838867 0.185547 0.037109 0.131510
1 0.123535 0.335286 0.241211 0.308594
1 0.393555 0.106771 0.062500 0.065104
1 0.441406 0.104818 0.070313 0.061198
1 0.505371 0.101563 0.083008 0.052083
1 0.555176 0.106771 0.065430 0.062500
1 0.681641 0.104167 0.062500 0.067708
1 0.783691 0.195313 0.094727 0.078125
1 0.795898 0.095703 0.060547 0.035156
1 0.857910 0.085938 0.036133 0.031250
1 0.885742 0.202474 0.083984 0.074219