0 0.272949 0.106628 0.090820 0.118156
1 0.500000 0.498559 0.890625 0.858790
0 0.345215 0.090058 0.059570 0.180115
0 0.379883 0.041787 0.041016 0.083573
0 0.611328 0.067723 0.015625 0.040346
0 0.659180 0.062680 0.015625 0.093660
0 0.691406 0.100144 0.054688 0.200288
0 0.741211 0.131844 0.074219 0.263688
0 0.796387 0.175072 0.053711 0.125360
0 0.792969 0.084294 0.031250 0.168588
0 0.816406 0.081412 0.029297 0.076369
0 0.920410 0.210375 0.088867 0.118156
1 0.075195 0.298271 0.150390 0.317003
1 0.173340 0.152738 0.217773 0.219020
1 0.516602 0.044669 0.160156 0.089337
1 0.925293 0.180836 0.147461 0.275216