0 0.941406 0.441263 0.085938 0.503671
1 0.417480 0.643906 0.741211 0.459618
0 0.066895 0.092511 0.094727 0.185022
0 0.079590 0.362702 0.104492 0.346549
0 0.193848 0.123348 0.053711 0.234949
0 0.241699 0.275330 0.124023 0.365639
0 0.366699 0.347283 0.092773 0.256975
0 0.421387 0.416300 0.096680 0.127753
0 0.537598 0.209985 0.094727 0.361233
0 0.555664 0.725404 0.126953 0.422907
0 0.618164 0.202643 0.074219 0.405286
0 0.750000 0.690162 0.140625 0.325991
0 0.761719 0.370044 0.074219 0.208517
0 0.815918 0.281204 0.090820 0.397944