0 0.267578 0.541912 0.023438 0.089706
0 0.319824 0.733824 0.045898 0.070588
0 0.390137 0.746324 0.016602 0.066176
0 0.420410 0.759559 0.022461 0.080882
0 0.444824 0.783824 0.036133 0.138235
0 0.509277 0.763235 0.026367 0.088235
0 0.562500 0.755147 0.011719 0.042647
0 0.570313 0.754412 0.013672 0.029412
0 0.571777 0.743382 0.012695 0.042647
0 0.660156 0.680882 0.015625 0.041176
0 0.661621 0.682353 0.018555 0.026471
0 0.680664 0.686029 0.019531 0.066176
0 0.710938 0.668382 0.021484 0.030882
0 0.762207 0.742647 0.083008 0.129412
0 0.773926 0.832353 0.096680 0.261765
0 0.959961 0.615441 0.031250 0.060294
1 0.725586 0.747794 0.078125 0.136765
1 0.833008 0.797059 0.097656 0.173529