0 0.314941 0.507331 0.096680 0.504399
1 0.825684 0.640029 0.336914 0.705279
0 0.056152 0.577713 0.112304 0.841642
0 0.087402 0.530792 0.049805 0.325513
0 0.191406 0.566716 0.230469 0.640762
0 0.191895 0.512463 0.219727 0.567449
0 0.401855 0.532991 0.104492 0.508798
0 0.449219 0.546188 0.062500 0.438416
0 0.496582 0.570381 0.133789 0.498534
0 0.552734 0.574047 0.082031 0.467742
0 0.630371 0.568182 0.104492 0.494135
0 0.673340 0.533724 0.075195 0.442815
0 0.790527 0.486804 0.143555 0.178886
0 0.956543 0.475073 0.084961 0.170088