0 0.188965 0.664464 0.014648 0.133627
0 0.193359 0.673275 0.011719 0.142438
0 0.416992 0.707048 0.148438 0.468429
0 0.602051 0.652717 0.040039 0.113069
0 0.637207 0.682819 0.069336 0.196769
0 0.686035 0.671072 0.045898 0.170338
0 0.794434 0.674743 0.098633 0.277533
0 0.837402 0.710720 0.088867 0.325991
0 0.911621 0.272394 0.118164 0.183554
1 0.247070 0.665198 0.044922 0.091043
1 0.304199 0.691630 0.040039 0.170338
1 0.418457 0.710720 0.227539 0.367107
1 0.565918 0.631424 0.034180 0.058737
1 0.706543 0.679883 0.084961 0.111601