0 0.043457 0.832599 0.083008 0.328928
0 0.044922 0.649780 0.082031 0.189427
0 0.024414 0.528634 0.037109 0.073421
0 0.083496 0.487518 0.040039 0.085169
0 0.184082 0.690162 0.137695 0.425844
0 0.202637 0.505874 0.065430 0.098385
0 0.242676 0.533774 0.049805 0.130690
0 0.637695 0.486050 0.029297 0.058737
0 0.683105 0.517621 0.061523 0.162996
0 0.736328 0.557269 0.052734 0.195301
0 0.752930 0.625551 0.048828 0.208517
0 0.815430 0.604993 0.070313 0.305433
0 0.907227 0.532305 0.054688 0.186490
0 0.939453 0.541850 0.052734 0.223201
1 0.838379 0.505140 0.124023 0.146843