0 0.202637 0.718750 0.110352 0.330729
0 0.012695 0.540365 0.025390 0.078125
0 0.032715 0.554688 0.043945 0.039063
0 0.081543 0.540365 0.041992 0.054688
0 0.137207 0.572917 0.036133 0.062500
0 0.177734 0.572917 0.027344 0.065104
0 0.246582 0.622396 0.030273 0.093750
0 0.274902 0.648438 0.053711 0.140625
0 0.303711 0.629557 0.033203 0.074219
0 0.311523 0.553385 0.029297 0.067708
0 0.341797 0.654948 0.042969 0.122396
0 0.374512 0.664714 0.047852 0.165365
0 0.437500 0.679036 0.078125 0.128906
0 0.496582 0.621745 0.196289 0.214844
0 0.617188 0.599609 0.037109 0.147135
0 0.653320 0.636719 0.042969 0.072917
0 0.664551 0.589193 0.036133 0.053385
0 0.707520 0.601563 0.030273 0.059896
0 0.967773 0.476563 0.029297 0.127604
1 0.773438 0.746745 0.451172 0.303385