0 0.181152 0.202350 0.075195 0.122715
0 0.084961 0.221279 0.025391 0.071802
0 0.127930 0.242167 0.029297 0.043081
0 0.187988 0.337467 0.110352 0.186684
0 0.272461 0.234987 0.044922 0.127937
0 0.307617 0.209530 0.037109 0.103133
0 0.387695 0.256527 0.023438 0.058747
0 0.943848 0.212141 0.014648 0.024804
0 0.977539 0.334856 0.042969 0.353786
0 0.965332 0.215405 0.014648 0.020888
1 0.085938 0.280679 0.171875 0.101828
1 0.512207 0.482376 0.973633 0.695822
1 0.316895 0.255875 0.170898 0.109661
1 0.957520 0.302872 0.063477 0.227154