0 0.077148 0.352214 0.154296 0.631510
0 0.111328 0.089193 0.097656 0.147135
0 0.214844 0.190755 0.160156 0.298177
0 0.335938 0.144531 0.064453 0.093750
0 0.321777 0.153646 0.030273 0.072917
0 0.369629 0.138021 0.034180 0.114583
0 0.467773 0.192057 0.193359 0.259115
0 0.489746 0.156901 0.059570 0.175781
0 0.499512 0.126302 0.040039 0.083333
0 0.510742 0.158854 0.050781 0.174479
0 0.550781 0.152344 0.029297 0.109375
0 0.645996 0.451823 0.178711 0.744792
0 0.587402 0.134766 0.026367 0.066406
0 0.823730 0.356120 0.188477 0.712240
0 0.759277 0.137370 0.024414 0.069010
0 0.786621 0.140625 0.008789 0.028646
0 0.799316 0.134115 0.016602 0.041667
0 0.922363 0.264323 0.125977 0.429688
0 0.983398 0.160156 0.031250 0.127604
1 0.187500 0.388672 0.375000 0.425781
1 0.508789 0.571615 0.937500 0.854167