0 0.602258 0.373535 0.091633 0.137695
1 0.701859 0.480957 0.495352 0.202148
0 0.299469 0.308105 0.022576 0.075195
0 0.350598 0.276367 0.037185 0.033203
0 0.401062 0.436523 0.063745 0.214844
0 0.476096 0.392090 0.046481 0.038086
0 0.826029 0.324219 0.050465 0.097656
0 0.884462 0.332031 0.047809 0.099609
1 0.134130 0.564941 0.236388 0.182617
1 0.196547 0.400391 0.353254 0.156250
1 0.355910 0.676270 0.666667 0.116211
1 0.409031 0.443359 0.666667 0.199219
1 0.259628 0.303223 0.163347 0.063477
1 0.388446 0.304199 0.179283 0.075195
1 0.680611 0.646484 0.614874 0.162109
1 0.509960 0.306152 0.228420 0.071289
1 0.658699 0.318848 0.265604 0.094727
1 0.774236 0.324707 0.239044 0.098633
1 0.903054 0.324707 0.146082 0.102539
1 0.954847 0.530762 0.079681 0.096680