0 0.039551 0.156323 0.016602 0.048009
0 0.075684 0.182084 0.041992 0.106557
0 0.113770 0.187354 0.034180 0.103044
0 0.147949 0.179157 0.026367 0.084309
0 0.174805 0.178571 0.015625 0.076112
0 0.186523 0.178571 0.023438 0.094848
0 0.218262 0.180328 0.026367 0.088993
0 0.291504 0.213700 0.057617 0.179157
0 0.362793 0.233607 0.028320 0.122951
0 0.407227 0.244145 0.019531 0.127635
0 0.496582 0.213115 0.041992 0.163934
0 0.535156 0.206089 0.041016 0.168618
0 0.605469 0.221897 0.070313 0.237705
0 0.899414 0.251756 0.117188 0.309133
0 0.961914 0.427400 0.074219 0.131148
0 0.976563 0.264637 0.044922 0.199063
1 0.495605 0.533372 0.852539 0.769321
1 0.362793 0.183255 0.104492 0.062061
1 0.678711 0.200234 0.031250 0.039813
1 0.682617 0.213115 0.015625 0.023419
1 0.727051 0.208431 0.028320 0.035129
1 0.814453 0.216042 0.126953 0.085480
1 0.786621 0.233021 0.049805 0.037471