0 0.584473 0.467448 0.086914 0.106771
0 0.247559 0.548828 0.073242 0.269531
0 0.367676 0.458984 0.077148 0.100260
0 0.410156 0.462891 0.041016 0.092448
0 0.443848 0.457682 0.028320 0.097656
0 0.476074 0.447917 0.077148 0.111979
0 0.538574 0.462891 0.022461 0.089844
0 0.618164 0.457031 0.042969 0.111979
0 0.691895 0.445313 0.081055 0.135417
0 0.767090 0.565755 0.079102 0.303385
1 0.047363 0.609375 0.094726 0.265625
1 0.193848 0.559896 0.247070 0.200521
1 0.512207 0.451172 0.024414 0.016927
1 0.810059 0.457682 0.038086 0.027344
1 0.851074 0.492839 0.100586 0.121094
1 0.914551 0.526693 0.145508 0.149740
1 0.933594 0.615234 0.130859 0.305990