0 0.013184 0.530103 0.026367 0.143906
0 0.032715 0.525698 0.045898 0.146843
0 0.066406 0.489721 0.033203 0.066079
0 0.284668 0.503671 0.047852 0.096916
0 0.315430 0.512482 0.041016 0.093979
0 0.534668 0.504405 0.020508 0.089574
0 0.552246 0.506608 0.016602 0.093979
0 0.601563 0.607195 0.056641 0.048458
0 0.587402 0.501468 0.026367 0.086637
0 0.612793 0.498532 0.020508 0.080764
0 0.642578 0.506608 0.035156 0.073421
0 0.667480 0.495595 0.024414 0.086637
0 0.692871 0.494860 0.022461 0.085169
0 0.848633 0.731278 0.082031 0.264317
0 0.855469 0.475037 0.009766 0.030837
0 0.895508 0.748899 0.072266 0.276065
0 0.868652 0.475771 0.008789 0.026432
0 0.908691 0.563877 0.053711 0.070485
0 0.887695 0.477239 0.009766 0.026432
0 0.978516 0.756241 0.041016 0.270191
1 0.620605 0.679883 0.512695 0.293686
1 0.866699 0.504405 0.086914 0.066079