0 0.945313 0.232422 0.095703 0.464844
0 0.121094 0.141276 0.041016 0.113281
0 0.180176 0.131510 0.051758 0.135417
0 0.222168 0.120443 0.030273 0.126302
0 0.342773 0.070313 0.050781 0.052083
0 0.383789 0.054036 0.033203 0.048177
0 0.781738 0.046224 0.030273 0.063802
0 0.828613 0.044922 0.047852 0.089844
0 0.858398 0.051432 0.041016 0.102864
1 0.528809 0.490234 0.850586 0.980468
1 0.182617 0.028646 0.021484 0.026042
1 0.220215 0.083333 0.028320 0.015625
1 0.268555 0.020833 0.011719 0.010417
1 0.295410 0.021484 0.014648 0.016927
1 0.323242 0.008464 0.015625 0.014323
1 0.345703 0.029948 0.023438 0.013021
1 0.352539 0.005208 0.025391 0.005208
1 0.376953 0.003255 0.011719 0.006510
1 0.768066 0.179036 0.262695 0.358072
1 0.754883 0.109375 0.099609 0.065104