1 0.768066 0.696615 0.182617 0.114583
0 0.212891 0.669271 0.019531 0.067708
0 0.236328 0.669271 0.021484 0.067708
0 0.837891 0.648438 0.027344 0.062500
0 0.857422 0.628906 0.019531 0.033854
0 0.879395 0.671224 0.038086 0.102865
0 0.875000 0.671224 0.015625 0.097656
0 0.892578 0.671875 0.035156 0.125000
0 0.917969 0.609375 0.015625 0.036458
0 0.958984 0.621094 0.019531 0.018229
0 0.966309 0.600911 0.010742 0.024740
0 0.978516 0.619141 0.021484 0.019531
1 0.380859 0.645833 0.023438 0.033854
1 0.410156 0.670573 0.060547 0.067708
1 0.436035 0.643880 0.028320 0.032552
1 0.474609 0.649740 0.074219 0.065104
1 0.522949 0.661458 0.088867 0.072917
1 0.613770 0.666016 0.116211 0.087240
1 0.977539 0.738932 0.042969 0.121094