0 0.926270 0.311499 0.081055 0.264920
0 0.126465 0.288210 0.100586 0.346434
0 0.250000 0.201601 0.021484 0.033479
0 0.257324 0.198690 0.018555 0.039301
0 0.393555 0.170306 0.017578 0.034934
0 0.404785 0.179767 0.012695 0.042213
0 0.429688 0.187773 0.015625 0.061135
0 0.447266 0.182678 0.019531 0.062591
0 0.634766 0.227802 0.082031 0.112082
0 0.629395 0.177584 0.026367 0.061135
1 0.048340 0.293304 0.096680 0.132460
1 0.480957 0.500728 0.875977 0.739447
1 0.182617 0.249636 0.111328 0.091703
1 0.486816 0.258370 0.454102 0.292576
1 0.324707 0.205240 0.081055 0.043668
1 0.461914 0.210335 0.203125 0.135371
1 0.499512 0.192140 0.114258 0.110626
1 0.541504 0.186317 0.063477 0.034934