1 0.916016 0.792750 0.152344 0.228454
0 0.067383 0.801642 0.056641 0.298222
0 0.100586 0.797538 0.050781 0.270862
0 0.185547 0.776334 0.044922 0.272230
0 0.189453 0.673735 0.033203 0.045144
0 0.217285 0.678523 0.030273 0.051984
0 0.251465 0.677839 0.038086 0.047880
0 0.276855 0.794802 0.071289 0.281806
0 0.271484 0.670999 0.050781 0.061560
0 0.331543 0.675787 0.053711 0.065663
0 0.390137 0.681259 0.024414 0.054720
0 0.458008 0.783174 0.072266 0.255814
0 0.576660 0.781122 0.075195 0.276334
0 0.687012 0.772914 0.079102 0.311902
0 0.769531 0.797538 0.056641 0.262654
1 0.041504 0.809166 0.083008 0.222982