0 0.071289 0.774964 0.060547 0.305355
0 0.115723 0.784370 0.055664 0.298119
0 0.145996 0.496382 0.028320 0.089725
0 0.155762 0.708394 0.041992 0.157742
0 0.178223 0.861795 0.075195 0.273517
0 0.273438 0.749638 0.056641 0.266281
0 0.341309 0.658466 0.055664 0.144718
0 0.370605 0.597685 0.028320 0.107091
0 0.386230 0.756151 0.041992 0.253256
0 0.434570 0.748915 0.060547 0.264834
0 0.484375 0.907381 0.093750 0.182344
0 0.709473 0.380608 0.016602 0.089725
0 0.736816 0.360347 0.026367 0.095514
0 0.799316 0.408104 0.014648 0.086831
0 0.828613 0.780029 0.065430 0.231548
0 0.826660 0.401592 0.026367 0.099855
0 0.838379 0.649783 0.038086 0.170767
0 0.879395 0.394356 0.028320 0.099855
0 0.954102 0.820550 0.089844 0.306802
0 0.938965 0.781476 0.055664 0.243126
0 0.941406 0.633864 0.044922 0.107091
1 0.620605 0.429812 0.124023 0.109986
1 0.877930 0.544863 0.208984 0.154848