0 0.044922 0.801432 0.089844 0.391927
0 0.040527 0.625651 0.049805 0.082031
0 0.145508 0.625651 0.023438 0.186198
0 0.159668 0.636719 0.041992 0.203125
0 0.189453 0.601563 0.019531 0.119792
0 0.203613 0.579427 0.014648 0.067708
0 0.212891 0.591146 0.013672 0.070313
0 0.236328 0.579427 0.011719 0.031250
0 0.265625 0.619792 0.031250 0.083333
0 0.407227 0.640625 0.046875 0.104167
0 0.457031 0.580078 0.015625 0.058594
0 0.591309 0.576823 0.010742 0.033854
0 0.934082 0.743490 0.127930 0.263021
0 0.989258 0.673828 0.017578 0.222656
1 0.227539 0.580078 0.058594 0.048177
1 0.338379 0.643229 0.106445 0.117188
1 0.317871 0.606771 0.059570 0.067708
1 0.340820 0.567057 0.044922 0.022135
1 0.624512 0.795573 0.512695 0.403646