0 0.320801 0.761347 0.065430 0.175695
1 0.556641 0.820644 0.126953 0.206442
0 0.348633 0.765739 0.035156 0.190337
0 0.434082 0.724012 0.032227 0.074671
0 0.476563 0.826501 0.111328 0.344070
0 0.589844 0.737921 0.015625 0.032211
0 0.832031 0.848463 0.099609 0.300146
0 0.855469 0.754026 0.070313 0.152269
0 0.885254 0.854319 0.073242 0.288433
0 0.969238 0.797950 0.043945 0.105417
0 0.993652 0.821376 0.010742 0.046852
1 0.543457 0.737189 0.090820 0.092240
1 0.590332 0.748170 0.026367 0.067350
1 0.622070 0.764275 0.050781 0.084919
1 0.666992 0.771596 0.064453 0.096633
1 0.700684 0.800146 0.073242 0.106881
1 0.731934 0.820644 0.081055 0.121523
1 0.865723 0.852855 0.266602 0.270864