0 0.098633 0.637370 0.039063 0.071615
0 0.142090 0.645833 0.041992 0.049479
0 0.211914 0.609375 0.033203 0.114583
0 0.256348 0.727214 0.049805 0.136719
0 0.291016 0.847005 0.111328 0.285156
0 0.306641 0.690104 0.044922 0.117188
0 0.298828 0.600260 0.011719 0.057292
0 0.335449 0.598958 0.008789 0.036458
0 0.367188 0.729818 0.041016 0.201823
0 0.371582 0.594401 0.012695 0.050781
0 0.535645 0.647786 0.020508 0.118490
0 0.577148 0.716797 0.033203 0.167969
0 0.585938 0.637370 0.031250 0.089844
0 0.623535 0.666016 0.040039 0.157552
0 0.662598 0.727865 0.047852 0.179688
0 0.792969 0.634766 0.039063 0.100260
1 0.047852 0.619792 0.095703 0.083333
1 0.191406 0.570313 0.050781 0.026042
1 0.362793 0.582031 0.061523 0.033854
1 0.856934 0.614583 0.088867 0.062500
1 0.958008 0.575521 0.058594 0.036458
1 0.983398 0.589844 0.031250 0.039063