0 0.023926 0.674855 0.016602 0.034682
0 0.047852 0.698699 0.025391 0.091040
0 0.063477 0.700867 0.017578 0.060694
0 0.107910 0.680636 0.016602 0.052023
0 0.244629 0.693642 0.020508 0.080925
0 0.258789 0.680636 0.005859 0.026012
0 0.270020 0.674133 0.006836 0.021676
0 0.507813 0.692919 0.035156 0.091040
0 0.514648 0.651734 0.017578 0.034682
0 0.531738 0.661127 0.004883 0.018786
0 0.585938 0.775289 0.093750 0.273121
0 0.611816 0.660405 0.004883 0.026012
0 0.672852 0.654624 0.003906 0.014451
0 0.675293 0.649566 0.004883 0.021676
0 0.694336 0.669075 0.011719 0.063584
0 0.857422 0.681358 0.025391 0.056358
0 0.984863 0.666185 0.018555 0.072254
1 0.200195 0.698699 0.064453 0.062139
1 0.900879 0.866329 0.196289 0.264451