0 0.717773 0.631836 0.085938 0.232422
1 0.341797 0.645020 0.544922 0.221680
0 0.026855 0.673828 0.053710 0.279297
0 0.343262 0.868652 0.442383 0.258789
0 0.184082 0.526367 0.032227 0.076172
0 0.220215 0.553711 0.069336 0.101563
0 0.242188 0.542969 0.035156 0.085938
0 0.285645 0.544434 0.051758 0.102539
0 0.334473 0.729980 0.069336 0.032227
0 0.360352 0.631836 0.087891 0.228516
0 0.626953 0.820801 0.335938 0.354492
0 0.802734 0.499512 0.021484 0.026367
0 0.824707 0.495605 0.030273 0.043945
0 0.874023 0.571289 0.058594 0.212891
0 0.917480 0.581055 0.084961 0.173828
0 0.952148 0.862305 0.091797 0.271484
1 0.756836 0.822266 0.482422 0.351563