0 0.080566 0.971354 0.045898 0.052083
0 0.088867 0.979818 0.025391 0.035156
0 0.120605 0.950521 0.043945 0.093750
0 0.114746 0.697266 0.022461 0.058594
0 0.155273 0.957031 0.025391 0.080729
0 0.187012 0.907552 0.041992 0.114583
0 0.221680 0.865885 0.039063 0.114583
0 0.240723 0.855469 0.022461 0.096354
0 0.258301 0.957031 0.020508 0.080729
0 0.263672 0.826172 0.023438 0.076823
0 0.292969 0.816406 0.031250 0.049479
0 0.353516 0.895182 0.031250 0.061198
0 0.387207 0.906250 0.047852 0.078125
0 0.416992 0.906250 0.023438 0.111979
0 0.473145 0.777344 0.022461 0.072917
0 0.650391 0.817057 0.037109 0.055990
0 0.687012 0.767578 0.018555 0.058594
1 0.801758 0.794271 0.109375 0.044271
1 0.911133 0.852865 0.173828 0.111979