1 0.745117 0.528646 0.263672 0.182292
0 0.103027 0.534505 0.051758 0.126302
0 0.142578 0.600911 0.089844 0.238281
0 0.203613 0.535807 0.032227 0.188802
0 0.234863 0.544271 0.041992 0.174479
0 0.308594 0.539714 0.056641 0.154948
0 0.350586 0.543620 0.042969 0.157552
0 0.465820 0.598307 0.064453 0.282552
0 0.544434 0.620443 0.088867 0.332031
0 0.570801 0.574870 0.043945 0.230469
0 0.595703 0.569661 0.044922 0.230469
0 0.606934 0.488932 0.028320 0.084635
0 0.627930 0.525391 0.039063 0.144531
1 0.583008 0.441406 0.044922 0.041667
1 0.717285 0.452474 0.088867 0.058594