1 0.732422 0.866764 0.218750 0.169839
0 0.004883 0.793558 0.009766 0.035139
0 0.020508 0.800146 0.009766 0.027818
0 0.086426 0.819912 0.055664 0.067350
0 0.110352 0.782577 0.013672 0.039531
0 0.143066 0.780381 0.022461 0.038067
0 0.224609 0.788433 0.015625 0.036603
0 0.238281 0.779649 0.015625 0.030747
0 0.297363 0.721816 0.022461 0.038067
0 0.394531 0.770864 0.011719 0.039531
0 0.484863 0.739385 0.018555 0.026354
0 0.661133 0.640556 0.013672 0.033675
0 0.661133 0.732064 0.013672 0.032211
0 0.688477 0.743777 0.013672 0.020498
0 0.770020 0.734261 0.006836 0.039531
0 0.894531 0.896047 0.064453 0.204978
0 0.941406 0.833821 0.046875 0.109810
1 0.085938 0.823572 0.171875 0.083455
1 0.167969 0.918009 0.335938 0.161054
1 0.185059 0.814056 0.114258 0.055637
1 0.542969 0.938507 0.562500 0.120059
1 0.431152 0.865300 0.321289 0.122987
1 0.519531 0.833089 0.292969 0.187408