0 0.534668 0.935125 0.063477 0.127130
1 0.243652 0.904980 0.239258 0.148100
0 0.577637 0.864351 0.034180 0.140236
0 0.608398 0.866317 0.025391 0.133683
0 0.632813 0.859109 0.013672 0.114024
0 0.652832 0.856488 0.022461 0.119266
0 0.680664 0.887942 0.033203 0.158585
0 0.718750 0.892529 0.041016 0.193971
0 0.774902 0.883355 0.053711 0.209699
0 0.818359 0.884666 0.042969 0.178244
0 0.893066 0.883355 0.075195 0.230668
1 0.075195 0.923329 0.150390 0.150721
1 0.430664 0.846003 0.150391 0.142857
1 0.501465 0.821756 0.041992 0.083879
1 0.548340 0.809961 0.059570 0.062910
1 0.536133 0.824377 0.029297 0.047182
1 0.715332 0.802752 0.055664 0.056356