0 0.022461 0.479818 0.044922 0.183594
0 0.053223 0.483724 0.061523 0.178385
0 0.084961 0.283854 0.017578 0.057292
0 0.128418 0.515625 0.061523 0.208333
0 0.124512 0.250651 0.014648 0.074219
0 0.167969 0.469401 0.041016 0.201823
0 0.182129 0.466797 0.047852 0.170573
0 0.209473 0.524740 0.073242 0.161458
0 0.302246 0.414714 0.098633 0.154948
0 0.271973 0.257813 0.020508 0.075521
0 0.288574 0.292318 0.022461 0.089844
0 0.312500 0.295573 0.025391 0.096354
0 0.338867 0.272786 0.025391 0.095052
0 0.364746 0.250000 0.004883 0.057292
0 0.429199 0.266927 0.014648 0.075521
0 0.460938 0.259115 0.021484 0.083333
0 0.487305 0.256510 0.021484 0.083333
0 0.516602 0.250651 0.019531 0.082031
0 0.531738 0.234375 0.008789 0.054688
0 0.552246 0.234375 0.018555 0.075521
0 0.611816 0.225260 0.018555 0.075521
0 0.638184 0.228516 0.020508 0.069010
0 0.663574 0.243490 0.020508 0.046875
0 0.686035 0.501302 0.055664 0.234375
0 0.699219 0.241536 0.019531 0.053385
0 0.708984 0.234375 0.009766 0.049479
0 0.765137 0.175781 0.006836 0.033854
0 0.784180 0.173177 0.013672 0.046875
0 0.916504 0.249349 0.020508 0.079427
0 0.935547 0.257161 0.013672 0.084635
1 0.654785 0.420573 0.243164 0.143229
1 0.651855 0.354818 0.209961 0.076823
1 0.823242 0.468099 0.228516 0.196615
1 0.967773 0.335938 0.062500 0.088542