1 0.434570 0.584071 0.726563 0.725664
0 0.088379 0.427729 0.120117 0.519174
0 0.127441 0.421091 0.084961 0.482301
0 0.363770 0.203540 0.053711 0.044248
1 0.033691 0.238201 0.038086 0.075221
1 0.162109 0.250000 0.062500 0.051622
1 0.499512 0.246313 0.038086 0.053097
1 0.547852 0.243363 0.058594 0.058997
1 0.595215 0.248525 0.063477 0.054572
1 0.683594 0.236726 0.052734 0.030973
1 0.725586 0.263274 0.070313 0.051622
1 0.754395 0.240413 0.051758 0.029499
1 0.794434 0.266224 0.063477 0.036873
1 0.907227 0.246313 0.091797 0.044248
1 0.902344 0.263274 0.060547 0.051622
1 0.989258 0.262537 0.019531 0.044248