0 0.248535 0.760615 0.086914 0.054173
0 0.292480 0.831625 0.030273 0.172767
0 0.311035 0.814056 0.028320 0.161054
0 0.336914 0.816252 0.023438 0.150805
0 0.352051 0.801611 0.020508 0.139092
0 0.371094 0.747438 0.009766 0.033675
0 0.382813 0.746706 0.007813 0.029283
0 0.409180 0.810395 0.029297 0.112738
0 0.440430 0.807467 0.027344 0.115666
0 0.519043 0.364568 0.043945 0.096633
0 0.527832 0.761347 0.004883 0.014641
0 0.536133 0.773792 0.011719 0.048316
0 0.601563 0.769400 0.015625 0.057101
0 0.622559 0.773792 0.024414 0.060029
0 0.667969 0.799414 0.029297 0.099561
0 0.675781 0.792094 0.037109 0.146413
0 0.699219 0.811859 0.013672 0.106881
0 0.813965 0.825037 0.075195 0.221083
0 0.807617 0.833089 0.056641 0.210835
0 0.841309 0.768668 0.026367 0.070278
0 0.866211 0.799414 0.031250 0.122987
0 0.908691 0.800146 0.030273 0.098097
1 0.030273 0.820644 0.060546 0.112738
1 0.169922 0.799414 0.097656 0.081991
1 0.291992 0.801611 0.083984 0.086384
1 0.544922 0.759151 0.013672 0.033675