1 0.294776 0.146484 0.238806 0.117188
0 0.272388 0.592773 0.044776 0.074219
0 0.352612 0.624512 0.115672 0.153320
0 0.431592 0.853027 0.099502 0.120117
0 0.537313 0.383789 0.089552 0.082031
0 0.537313 0.850098 0.057214 0.096680
0 0.606965 0.843750 0.047264 0.076172
0 0.648010 0.380371 0.074627 0.092773
0 0.640547 0.842285 0.024876 0.069336
0 0.702736 0.122559 0.054726 0.043945
0 0.717662 0.374023 0.062189 0.076172
0 0.785448 0.372070 0.050995 0.066406
0 0.807214 0.143066 0.084577 0.092773
0 0.827114 0.370605 0.034826 0.063477
0 0.888682 0.366211 0.033582 0.054688
0 0.924751 0.364258 0.016169 0.046875
1 0.287935 0.372070 0.172886 0.121094
1 0.697761 0.605957 0.032338 0.020508
1 0.779851 0.635742 0.139303 0.074219