0 0.105957 0.633236 0.067383 0.311859
0 0.036133 0.798682 0.072266 0.399707
0 0.150391 0.523426 0.033203 0.062958
0 0.257813 0.489751 0.033203 0.068814
0 0.333496 0.492679 0.020508 0.024890
0 0.805176 0.846266 0.374023 0.304539
0 0.650879 0.481698 0.024414 0.038067
0 0.674316 0.484627 0.022461 0.058565
0 0.706055 0.512445 0.048828 0.099561
0 0.833008 0.527086 0.041016 0.166911
0 0.872559 0.484627 0.024414 0.102489
0 0.931641 0.873353 0.134766 0.250366
0 0.893555 0.492679 0.031250 0.098097
0 0.900391 0.428990 0.013672 0.020498
0 0.907715 0.533675 0.024414 0.092240
0 0.931152 0.522694 0.034180 0.137628
0 0.945313 0.466325 0.011719 0.051245
0 0.961426 0.472182 0.014648 0.054173
1 0.549316 0.700586 0.694336 0.449488