0 0.340332 0.177734 0.098633 0.084635
1 0.502441 0.460286 0.907227 0.639323
0 0.035645 0.173828 0.053711 0.092448
0 0.096680 0.194661 0.064453 0.144531
0 0.246094 0.188151 0.031250 0.089844
0 0.436523 0.209635 0.078125 0.226563
0 0.463379 0.156901 0.026367 0.058594
0 0.494629 0.203125 0.036133 0.221354
0 0.531738 0.169922 0.008789 0.011719
0 0.584961 0.171224 0.015625 0.019531
0 0.598145 0.162109 0.030273 0.045573
0 0.710938 0.167969 0.035156 0.041667
0 0.806152 0.187500 0.075195 0.216146
0 0.857422 0.156901 0.017578 0.022135
0 0.949707 0.328776 0.098633 0.188802
0 0.982910 0.192708 0.032227 0.080729
1 0.154297 0.330729 0.308594 0.356771
1 0.313477 0.231120 0.201172 0.087240
1 0.904785 0.226563 0.172852 0.197917