0 0.182292 0.406738 0.013021 0.016602
0 0.206380 0.404297 0.011719 0.011719
0 0.339844 0.491699 0.083333 0.118164
0 0.354818 0.489258 0.097656 0.095703
0 0.507161 0.439453 0.055990 0.054688
0 0.684896 0.503906 0.216146 0.130859
0 0.616536 0.412598 0.016927 0.022461
0 0.649740 0.446777 0.054688 0.045898
0 0.639974 0.433105 0.027344 0.028320
0 0.632161 0.410645 0.006510 0.018555
0 0.692708 0.487793 0.117188 0.092773
0 0.705078 0.483398 0.128906 0.093750
0 0.669922 0.446777 0.053385 0.049805
0 0.656250 0.410156 0.013021 0.019531
0 0.705078 0.412598 0.011719 0.014648
0 0.786458 0.438965 0.036458 0.088867
1 0.096354 0.441895 0.192708 0.071289
1 0.201172 0.424805 0.045573 0.041016
1 0.376953 0.422852 0.040365 0.027344
1 0.513672 0.413574 0.069010 0.014648