0 0.918457 0.505217 0.120117 0.801739
0 0.041016 0.194783 0.017578 0.041739
0 0.197266 0.267826 0.056641 0.278261
0 0.282227 0.253913 0.054688 0.104348
0 0.356445 0.202609 0.023438 0.085217
0 0.374023 0.204348 0.048828 0.071304
0 0.528320 0.160000 0.015625 0.024348
0 0.539551 0.146957 0.006836 0.008696
0 0.543945 0.172174 0.011719 0.045217
0 0.562988 0.180870 0.018555 0.045217
0 0.583496 0.172174 0.020508 0.062609
0 0.602051 0.187826 0.010742 0.031304
0 0.632324 0.193913 0.030273 0.071304
0 0.645508 0.162609 0.013672 0.029565
0 0.655762 0.182609 0.030273 0.107826
0 0.666504 0.160000 0.006836 0.024348
0 0.691406 0.183478 0.031250 0.085217
0 0.701172 0.164348 0.009766 0.022609
0 0.714844 0.192174 0.027344 0.106087
0 0.729004 0.178261 0.010742 0.067826
0 0.738770 0.203478 0.030273 0.107826
0 0.767578 0.219130 0.037109 0.146087
0 0.787109 0.153913 0.005859 0.033043
0 0.799805 0.193043 0.027344 0.080000
0 0.809570 0.265217 0.033203 0.099130
0 0.818359 0.164348 0.039063 0.137391
0 0.869141 0.172174 0.013672 0.093913
0 0.883789 0.198261 0.041016 0.194783
0 0.898438 0.138261 0.013672 0.050435
0 0.978516 0.141739 0.041016 0.085217
0 0.988770 0.096522 0.020508 0.019130
1 0.100586 0.891304 0.201172 0.213913
1 0.356445 0.625217 0.712890 0.697391
1 0.520020 0.448696 0.637695 0.417391
1 0.397461 0.230435 0.101563 0.074783
1 0.628906 0.253913 0.412109 0.253913