1 0.928223 0.085196 0.139648 0.156425
0 0.100586 0.154330 0.062500 0.177374
0 0.103516 0.958799 0.058594 0.076816
0 0.188965 0.911313 0.133789 0.171788
0 0.149414 0.964385 0.027344 0.065642
0 0.366699 0.894553 0.204102 0.205307
0 0.298340 0.916899 0.049805 0.160615
0 0.382324 0.906425 0.061523 0.167598
0 0.497559 0.870810 0.055664 0.135475
0 0.513184 0.935056 0.086914 0.124302
0 0.560059 0.922486 0.079102 0.149441
0 0.651855 0.856145 0.145508 0.279330
0 0.619141 0.902235 0.066406 0.189944
0 0.775391 0.831704 0.111328 0.255587
0 0.742676 0.203212 0.038086 0.160615
0 0.823730 0.914106 0.096680 0.166201
0 0.857422 0.834497 0.074219 0.297486
0 0.915039 0.689944 0.050781 0.089385
0 0.929688 0.819832 0.072266 0.229050
0 0.969238 0.787709 0.057617 0.243017