1 0.450684 0.504557 0.573242 0.527344
0 0.525391 0.210286 0.037109 0.082031
0 0.556152 0.195964 0.040039 0.053385
0 0.570801 0.214844 0.041992 0.083333
0 0.590820 0.189453 0.029297 0.050781
0 0.610352 0.220703 0.037109 0.087240
0 0.634277 0.239583 0.022461 0.049479
0 0.664063 0.218750 0.039063 0.104167
0 0.766602 0.325521 0.068359 0.346354
0 0.804688 0.382813 0.087891 0.442708
0 0.808105 0.295573 0.026367 0.309896
0 0.866211 0.308594 0.068359 0.283854
0 0.898926 0.292969 0.026367 0.210938
0 0.955566 0.307292 0.075195 0.281250