1 0.933594 0.636719 0.128906 0.156250
0 0.222656 0.645833 0.009766 0.080729
0 0.442871 0.636719 0.377930 0.161458
0 0.289063 0.637370 0.058594 0.141927
0 0.331055 0.619141 0.007813 0.029948
0 0.343262 0.617188 0.008789 0.031250
0 0.351563 0.619141 0.007813 0.029948
0 0.431641 0.617839 0.017578 0.045573
0 0.447266 0.613281 0.013672 0.041667
0 0.454590 0.614583 0.008789 0.039063
0 0.471680 0.611979 0.009766 0.049479
0 0.478027 0.613932 0.012695 0.053385
0 0.704590 0.596354 0.036133 0.106771
0 0.749512 0.598307 0.028320 0.110677
0 0.794922 0.606771 0.031250 0.132813
0 0.816895 0.604818 0.020508 0.123698
0 0.837402 0.595703 0.028320 0.108073
0 0.943359 0.551432 0.039063 0.089844
0 0.981934 0.539063 0.020508 0.041667
0 0.992188 0.538411 0.013672 0.027344
1 0.076172 0.645833 0.048828 0.062500