0 0.335938 0.458984 0.015625 0.082031
0 0.356445 0.456380 0.017578 0.089844
0 0.385254 0.460286 0.034180 0.079427
0 0.449219 0.455078 0.015625 0.089844
0 0.485352 0.459635 0.021484 0.096354
0 0.508789 0.464844 0.025391 0.127604
0 0.547363 0.479818 0.026367 0.131510
0 0.581543 0.479818 0.020508 0.139323
0 0.589844 0.453776 0.015625 0.095052
0 0.608887 0.461589 0.008789 0.128906
0 0.629883 0.463542 0.017578 0.125000
0 0.654297 0.473958 0.035156 0.135417
0 0.942383 0.597005 0.070313 0.191406
1 0.076172 0.492188 0.152344 0.164063
1 0.499023 0.498698 0.998046 0.997396
1 0.499023 0.766276 0.998046 0.462240
1 0.253906 0.434245 0.031250 0.045573
1 0.315918 0.443359 0.051758 0.050781