0 0.268066 0.822034 0.053711 0.291902
0 0.306152 0.870998 0.043945 0.216573
0 0.333008 0.823917 0.048828 0.250471
0 0.398438 0.833333 0.062500 0.231638
0 0.400879 0.807910 0.055664 0.229755
0 0.454590 0.836158 0.055664 0.320151
0 0.489258 0.803202 0.027344 0.224105
0 0.506836 0.826742 0.048828 0.271186
0 0.550293 0.823917 0.041992 0.258004
0 0.570313 0.813559 0.029297 0.210923
0 0.588379 0.808851 0.026367 0.186441
0 0.618652 0.832392 0.043945 0.259887
0 0.627930 0.759887 0.035156 0.148776
0 0.757813 0.787194 0.035156 0.154426
0 0.799316 0.800377 0.036133 0.229755
0 0.868652 0.813559 0.057617 0.237288
0 0.906738 0.796610 0.045898 0.184557
0 0.936035 0.820151 0.057617 0.205273
1 0.045898 0.766478 0.091796 0.090395
1 0.099121 0.835217 0.198242 0.212806
1 0.260742 0.816384 0.210938 0.254237
1 0.711914 0.838983 0.140625 0.220339