1 0.484863 0.582031 0.932617 0.833333
0 0.058594 0.313802 0.117188 0.294271
0 0.170410 0.264323 0.084961 0.270833
0 0.245117 0.253255 0.119141 0.217448
0 0.219727 0.231120 0.031250 0.061198
0 0.291992 0.217448 0.015625 0.033854
0 0.308594 0.202474 0.021484 0.027344
0 0.331055 0.206380 0.013672 0.019531
0 0.366699 0.185547 0.022461 0.024740
0 0.549805 0.233724 0.089844 0.287760
0 0.648926 0.222005 0.108398 0.295573
1 0.012695 0.328776 0.025390 0.186198
1 0.123535 0.304688 0.053711 0.143229
1 0.726074 0.332682 0.084961 0.102865
1 0.875488 0.264974 0.245117 0.279948