0 0.024902 0.259766 0.043945 0.167969
0 0.073730 0.183594 0.051758 0.085938
0 0.126953 0.214844 0.042969 0.127604
0 0.122070 0.160807 0.029297 0.035156
0 0.212891 0.244792 0.042969 0.177083
0 0.647461 0.229818 0.048828 0.167969
0 0.669922 0.195964 0.035156 0.055990
0 0.699707 0.227865 0.071289 0.197917
0 0.912598 0.270182 0.100586 0.259115
0 0.987793 0.240234 0.022461 0.040365
1 0.070313 0.238932 0.111328 0.095052
1 0.509766 0.405599 0.906250 0.790365
1 0.182617 0.216797 0.103516 0.123698
1 0.908203 0.285156 0.181641 0.281250