1 0.099609 0.864706 0.199218 0.252941
0 0.061523 0.736765 0.033203 0.097059
0 0.074707 0.738235 0.028320 0.111765
0 0.104980 0.761029 0.024414 0.077941
0 0.128418 0.747794 0.069336 0.127941
0 0.155273 0.766176 0.041016 0.129412
0 0.198730 0.795588 0.034180 0.147059
0 0.246094 0.777941 0.021484 0.161765
0 0.433594 0.747059 0.013672 0.076471
0 0.452637 0.743382 0.028320 0.057353
0 0.644531 0.738971 0.023438 0.077941
0 0.655762 0.750000 0.024414 0.111765
0 0.669434 0.743382 0.018555 0.072059
0 0.685059 0.761765 0.030273 0.088235
0 0.691895 0.741912 0.022461 0.080882
0 0.716309 0.746324 0.026367 0.113235
0 0.745605 0.766176 0.053711 0.176471
0 0.789551 0.824265 0.063477 0.236765
0 0.827637 0.816912 0.063477 0.254412
1 0.557617 0.725000 0.021484 0.032353
1 0.608398 0.755147 0.076172 0.133824
1 0.982910 0.750735 0.032227 0.163235