0 0.876953 0.458984 0.060547 0.188802
0 0.092773 0.488281 0.044922 0.166667
0 0.165039 0.391276 0.064453 0.095052
0 0.254395 0.405599 0.026367 0.063802
0 0.289551 0.218099 0.026367 0.058594
0 0.298828 0.430339 0.035156 0.097656
0 0.341309 0.438802 0.024414 0.114583
0 0.527832 0.380208 0.014648 0.031250
0 0.579102 0.384115 0.017578 0.044271
0 0.602539 0.384766 0.013672 0.040365
0 0.645020 0.432943 0.038086 0.105469
0 0.777832 0.431641 0.034180 0.113281
0 0.825684 0.384115 0.020508 0.044271
0 0.858887 0.406250 0.016602 0.106771
0 0.954102 0.380859 0.011719 0.042969
0 0.986328 0.531901 0.025391 0.287760
1 0.028809 0.423828 0.057617 0.066406
1 0.937012 0.389323 0.053711 0.028646