0 0.176471 0.623535 0.088235 0.170898
0 0.031618 0.620605 0.063235 0.180664
0 0.044118 0.393555 0.088235 0.087891
0 0.130147 0.458984 0.027941 0.082031
0 0.227941 0.468750 0.052941 0.052734
0 0.247794 0.602051 0.048529 0.122070
0 0.309559 0.606934 0.075000 0.112305
0 0.290441 0.574219 0.025000 0.062500
0 0.372059 0.609375 0.061765 0.097656
0 0.397794 0.570313 0.027941 0.050781
0 0.557353 0.602051 0.076471 0.088867
0 0.744118 0.577148 0.035294 0.041016
1 0.735294 0.683105 0.526471 0.182617
1 0.741176 0.842285 0.514706 0.313477
1 0.886765 0.578125 0.085294 0.044922
1 0.950000 0.588379 0.097059 0.055664