0 0.021484 0.602098 0.037109 0.146853
0 0.241211 0.546154 0.013672 0.062937
0 0.292480 0.555245 0.020508 0.069930
0 0.312012 0.553147 0.012695 0.071329
0 0.328125 0.560839 0.015625 0.064336
0 0.537109 0.582517 0.033203 0.102098
0 0.571777 0.581818 0.026367 0.092308
0 0.590820 0.588112 0.027344 0.082517
0 0.615723 0.596503 0.018555 0.088112
0 0.831543 0.756643 0.127930 0.372028
1 0.203613 0.549650 0.034180 0.044755
1 0.362793 0.565734 0.065430 0.074126
1 0.423340 0.581119 0.168945 0.107692
1 0.941895 0.611888 0.114258 0.127273