0 0.210938 0.306003 0.082031 0.336750
1 0.532227 0.529283 0.841797 0.595900
0 0.064941 0.392387 0.129882 0.576867
0 0.049805 0.148609 0.093750 0.133236
0 0.129883 0.314788 0.062500 0.360176
0 0.291504 0.260615 0.086914 0.322108
0 0.359375 0.251098 0.068359 0.250366
0 0.382324 0.195461 0.026367 0.089312
0 0.422852 0.228404 0.033203 0.084919
0 0.502930 0.190337 0.066406 0.120059
0 0.567871 0.197657 0.043945 0.087848
0 0.631836 0.176428 0.064453 0.136164
0 0.699707 0.196925 0.053711 0.092240
0 0.738770 0.229868 0.022461 0.023426
0 0.789551 0.216691 0.045898 0.120059
1 0.068359 0.813324 0.136718 0.370425
1 0.896484 0.314056 0.205078 0.338214