0 0.815430 0.793610 0.072266 0.385147
0 0.395996 0.291019 0.036133 0.170984
0 0.411133 0.497409 0.062500 0.131261
0 0.453613 0.436097 0.063477 0.139896
0 0.466797 0.564767 0.025391 0.231434
0 0.478516 0.317789 0.031250 0.131261
0 0.503906 0.444732 0.042969 0.122625
0 0.520996 0.514680 0.040039 0.172712
0 0.529785 0.628670 0.045898 0.224525
0 0.560059 0.371330 0.043945 0.069085
0 0.600586 0.556131 0.042969 0.189983
0 0.637695 0.625216 0.042969 0.224525
0 0.675293 0.589810 0.040039 0.267703
0 0.736816 0.844560 0.081055 0.307427
0 0.820313 0.582902 0.050781 0.212435
0 0.905762 0.611399 0.083008 0.252159
1 0.346680 0.190846 0.152344 0.188256
1 0.606934 0.437824 0.325195 0.392055
1 0.707031 0.227116 0.185547 0.174439
1 0.881348 0.375648 0.235352 0.219344