1 0.108887 0.616448 0.180664 0.155750
0 0.217285 0.538574 0.012695 0.052402
0 0.741699 0.719068 0.094727 0.264920
1 0.029297 0.609898 0.058594 0.113537
1 0.124512 0.566958 0.129883 0.062591
1 0.262695 0.581514 0.097656 0.097525
1 0.280273 0.526201 0.066406 0.050946
1 0.347168 0.558952 0.073242 0.072780
1 0.343262 0.513100 0.049805 0.024745
1 0.403320 0.530568 0.060547 0.065502
1 0.444336 0.516012 0.037109 0.039301
1 0.471680 0.513100 0.023438 0.036390
1 0.572266 0.483988 0.007813 0.013100
1 0.726563 0.510189 0.013672 0.024745
1 0.742676 0.514556 0.028320 0.024745
1 0.812500 0.524017 0.017578 0.037846
1 0.896973 0.550218 0.073242 0.055313