1 0.737305 0.535156 0.302734 0.143229
0 0.104004 0.390625 0.043945 0.065104
0 0.148438 0.378906 0.031250 0.070313
0 0.164551 0.391276 0.034180 0.058594
0 0.202637 0.386719 0.045898 0.085938
0 0.269043 0.397786 0.038086 0.092448
0 0.308105 0.399089 0.041992 0.089844
0 0.338379 0.414063 0.041992 0.059896
0 0.394531 0.404948 0.033203 0.083333
0 0.572754 0.480469 0.075195 0.088542
0 0.574219 0.408203 0.041016 0.141927
0 0.713867 0.429688 0.033203 0.065104
0 0.720215 0.397786 0.038086 0.087240
0 0.750488 0.399089 0.045898 0.113281
0 0.798828 0.358724 0.078125 0.102865
0 0.799316 0.445964 0.036133 0.100260
0 0.835449 0.432943 0.034180 0.128906
0 0.873047 0.451172 0.042969 0.113281
0 0.895020 0.576172 0.061523 0.230469
0 0.903320 0.347656 0.039063 0.098958
0 0.918457 0.396484 0.041992 0.118490
0 0.936035 0.427734 0.040039 0.152344
0 0.946777 0.266276 0.024414 0.108073
0 0.965332 0.347656 0.045898 0.127604
0 0.980469 0.239583 0.023438 0.085938
0 0.992188 0.206380 0.013672 0.053385
1 0.091797 0.508464 0.183594 0.212240