0 0.162598 0.529369 0.041992 0.162996
0 0.254883 0.627019 0.091797 0.290749
0 0.343750 0.645374 0.259766 0.303965
0 0.332031 0.502203 0.037109 0.085169
0 0.434570 0.639501 0.130859 0.292217
0 0.455566 0.662261 0.131836 0.234949
0 0.534180 0.664464 0.115234 0.265786
0 0.601074 0.679148 0.161133 0.254038
0 0.628906 0.662996 0.087891 0.259912
0 0.694336 0.653451 0.113281 0.293686
0 0.750977 0.603524 0.080078 0.346549
0 0.778809 0.677680 0.127930 0.298091
0 0.812988 0.669604 0.129883 0.261380
0 0.974121 0.707783 0.049805 0.372981
1 0.044922 0.502203 0.089844 0.091043
1 0.101563 0.504405 0.076172 0.086637
1 0.168457 0.497063 0.065430 0.080764
1 0.340820 0.501468 0.095703 0.066079
1 0.400879 0.480176 0.045898 0.029369
1 0.522949 0.504405 0.098633 0.074890
1 0.517090 0.475037 0.083008 0.057269
1 0.577148 0.487518 0.042969 0.058737
1 0.706543 0.487518 0.010742 0.035242
1 0.838379 0.476505 0.047852 0.024963
1 0.896973 0.483847 0.047852 0.066079
1 0.940918 0.494860 0.067383 0.088106