1 0.492676 0.511719 0.870117 0.585938
0 0.055176 0.217448 0.063477 0.148438
0 0.076172 0.225260 0.031250 0.106771
0 0.138672 0.224609 0.035156 0.113281
0 0.154297 0.216146 0.017578 0.052083
0 0.165039 0.212891 0.017578 0.058594
0 0.193359 0.220052 0.015625 0.062500
0 0.252441 0.251953 0.020508 0.024740
0 0.272461 0.251953 0.013672 0.024740
0 0.302246 0.239583 0.014648 0.049479
0 0.314453 0.214193 0.019531 0.102865
0 0.331055 0.216797 0.017578 0.082031
0 0.348633 0.224609 0.027344 0.069010
0 0.374023 0.214844 0.023438 0.085938
0 0.475586 0.189453 0.009766 0.032552
0 0.496094 0.198568 0.011719 0.009115
0 0.615723 0.181641 0.010742 0.011719
0 0.628906 0.179688 0.013672 0.015625
0 0.685547 0.180339 0.011719 0.014323
0 0.701660 0.179688 0.008789 0.015625
0 0.750488 0.165365 0.008789 0.026042
0 0.831543 0.173177 0.008789 0.018229
0 0.871582 0.206380 0.036133 0.118490
0 0.864258 0.175781 0.007813 0.013021
0 0.893555 0.167318 0.007813 0.016927
0 0.899902 0.168620 0.008789 0.014323
0 0.918457 0.177083 0.024414 0.072917
1 0.208984 0.396484 0.417968 0.394531
1 0.668945 0.236328 0.355469 0.136719
1 0.947266 0.220052 0.103516 0.171875