0 0.152995 0.885742 0.089844 0.140625
1 0.061849 0.823730 0.121094 0.073242
0 0.125000 0.774414 0.023438 0.037109
0 0.159505 0.776367 0.016927 0.041016
0 0.283203 0.821289 0.058594 0.066406
0 0.332031 0.876953 0.101563 0.152344
0 0.352865 0.785645 0.018229 0.034180
0 0.423828 0.895020 0.048177 0.034180
0 0.502604 0.739746 0.039063 0.034180
0 0.585286 0.876953 0.162760 0.185547
0 0.840495 0.883301 0.108073 0.155273
0 0.848307 0.882813 0.123698 0.132813
0 0.877604 0.820801 0.057292 0.104492
0 0.934896 0.833984 0.049479 0.105469
1 0.406901 0.774902 0.055990 0.043945
1 0.451172 0.778320 0.066406 0.044922