0 0.053711 0.629557 0.093750 0.147135
0 0.034180 0.563802 0.048828 0.096354
0 0.095703 0.742188 0.082031 0.356771
0 0.089844 0.565104 0.044922 0.104167
0 0.151367 0.760417 0.140625 0.406250
0 0.134277 0.528646 0.022461 0.036458
0 0.164551 0.543620 0.028320 0.048177
0 0.189941 0.618490 0.071289 0.190104
0 0.212891 0.606120 0.062500 0.186198
0 0.201660 0.534505 0.018555 0.045573
0 0.292969 0.516927 0.013672 0.023438
0 0.346680 0.509766 0.017578 0.027344
0 0.552734 0.597005 0.042969 0.048177
0 0.625977 0.524740 0.031250 0.036458
0 0.658203 0.517578 0.015625 0.035156
0 0.692871 0.527995 0.022461 0.066406
0 0.706055 0.534505 0.027344 0.066406
0 0.743652 0.549479 0.049805 0.072917
0 0.898926 0.593099 0.083008 0.209635
0 0.941406 0.557943 0.042969 0.136719
1 0.201660 0.546875 0.088867 0.054688
1 0.287598 0.571615 0.086914 0.114583
1 0.398438 0.595052 0.265625 0.182292
1 0.563477 0.650391 0.531250 0.230469
1 0.515137 0.526693 0.079102 0.084635
1 0.592285 0.535156 0.116211 0.078125
1 0.796387 0.593750 0.204102 0.156250