0 0.890137 0.529948 0.079102 0.372396
1 0.218750 0.653646 0.437500 0.401042
0 0.009766 0.570964 0.019531 0.108073
0 0.037109 0.562500 0.037109 0.080729
0 0.070313 0.542318 0.015625 0.053385
0 0.687012 0.511068 0.034180 0.123698
0 0.712402 0.531901 0.030273 0.134115
0 0.764160 0.529948 0.043945 0.161458
0 0.961426 0.563151 0.075195 0.428385
0 0.955078 0.548177 0.054688 0.309896
1 0.396484 0.528646 0.099609 0.098958
1 0.510742 0.544271 0.123047 0.140625
1 0.582520 0.494141 0.012695 0.016927
1 0.597656 0.492839 0.009766 0.014323
1 0.618652 0.500651 0.036133 0.037760