0 0.017090 0.220052 0.034180 0.070313
0 0.019043 0.250651 0.038086 0.128906
0 0.057617 0.269531 0.115234 0.195313
0 0.110352 0.219401 0.050781 0.040365
0 0.160156 0.218099 0.031250 0.048177
0 0.224609 0.223307 0.037109 0.087240
0 0.268066 0.199219 0.047852 0.052083
0 0.311523 0.201172 0.031250 0.040365
0 0.322266 0.267578 0.044922 0.069010
0 0.343262 0.217448 0.032227 0.075521
0 0.361816 0.209635 0.026367 0.065104
0 0.405762 0.207682 0.043945 0.042969
0 0.438477 0.236328 0.044922 0.144531
0 0.472168 0.236328 0.040039 0.173177
0 0.626465 0.240234 0.020508 0.032552
0 0.640137 0.214844 0.014648 0.036458
0 0.725098 0.212240 0.100586 0.101563
0 0.742676 0.237630 0.045898 0.058594
0 0.749512 0.205729 0.045898 0.088542
0 0.825684 0.207031 0.034180 0.054688
1 0.157227 0.284505 0.314453 0.154948
1 0.275879 0.458984 0.551758 0.407552
1 0.804199 0.253906 0.084961 0.109375
1 0.946289 0.256510 0.105469 0.119792