0 0.277832 0.294985 0.086914 0.256637
1 0.508301 0.573009 0.934570 0.570796
0 0.031250 0.346608 0.062500 0.268437
0 0.103027 0.334071 0.081055 0.252212
0 0.173340 0.336283 0.065430 0.230088
0 0.214355 0.324484 0.047852 0.244838
0 0.371094 0.288348 0.070313 0.237463
0 0.425781 0.283186 0.029297 0.150442
0 0.465332 0.275074 0.036133 0.131268
0 0.576172 0.265487 0.066406 0.150442
0 0.614258 0.278761 0.060547 0.123894
0 0.870605 0.306785 0.045898 0.147493
0 0.920410 0.294985 0.051758 0.159292
0 0.962891 0.349558 0.072266 0.292035
1 0.676758 0.274336 0.138672 0.115044
1 0.696289 0.182891 0.087891 0.129794