0 0.095215 0.536711 0.073242 0.221733
0 0.267578 0.446402 0.052734 0.190896
0 0.412109 0.523495 0.105469 0.198238
0 0.515137 0.571953 0.096680 0.277533
0 0.625000 0.482379 0.060547 0.233480
0 0.602051 0.457416 0.004883 0.036711
0 0.662109 0.420705 0.021484 0.069016
0 0.712891 0.372247 0.021484 0.036711
0 0.726074 0.411160 0.026367 0.105727
0 0.739746 0.422907 0.034180 0.105727
0 0.769531 0.476505 0.091797 0.098385
1 0.079590 0.556535 0.159180 0.361233
1 0.148926 0.502937 0.135742 0.254038
1 0.442871 0.630690 0.245117 0.544787