0 0.122070 0.606771 0.085938 0.307292
0 0.156250 0.555339 0.072266 0.285156
0 0.250488 0.583333 0.071289 0.278646
0 0.341797 0.578776 0.058594 0.251302
0 0.447266 0.546875 0.048828 0.184896
0 0.492188 0.494141 0.033203 0.136719
0 0.533691 0.490234 0.026367 0.134115
0 0.586426 0.476563 0.024414 0.109375
0 0.767090 0.496094 0.034180 0.140625
0 0.815430 0.494141 0.023438 0.113281
0 0.872070 0.496745 0.031250 0.128906
1 0.042480 0.472656 0.084960 0.070313
1 0.052734 0.565104 0.105468 0.296875
1 0.071777 0.452474 0.075195 0.040365
1 0.144531 0.492839 0.140625 0.196615