0 0.134766 0.509559 0.019531 0.083824
0 0.151855 0.508088 0.018555 0.072059
0 0.272461 0.514706 0.130859 0.405882
0 0.418945 0.505882 0.125000 0.385294
0 0.479492 0.512500 0.035156 0.169118
0 0.550781 0.501471 0.023438 0.200000
0 0.576660 0.522059 0.012695 0.044118
0 0.611816 0.495588 0.036133 0.185294
0 0.649414 0.493382 0.044922 0.222059
0 0.754883 0.525000 0.015625 0.032353
0 0.787109 0.529412 0.021484 0.035294
0 0.896484 0.533824 0.011719 0.026471
0 0.908203 0.532353 0.011719 0.035294
0 0.966309 0.508824 0.020508 0.050000
1 0.068359 0.514706 0.136718 0.147059