0 0.182617 0.764298 0.068359 0.256499
1 0.889160 0.710572 0.168945 0.114385
0 0.125488 0.743501 0.061523 0.291161
0 0.324707 0.681976 0.026367 0.157712
0 0.350098 0.681976 0.028320 0.154246
0 0.380371 0.670711 0.018555 0.107452
0 0.395020 0.684575 0.026367 0.135182
0 0.424316 0.661179 0.010742 0.074523
0 0.435059 0.661179 0.010742 0.071057
0 0.458984 0.655979 0.021484 0.064125
0 0.492676 0.656846 0.014648 0.079723
1 0.648438 0.688042 0.140625 0.114385
1 0.759277 0.685442 0.073242 0.091854
1 0.746582 0.642981 0.012695 0.010399
1 0.800293 0.671577 0.028320 0.050260
1 0.816406 0.644714 0.023438 0.041594
1 0.883789 0.642981 0.031250 0.027730