1 0.502930 0.797526 0.992188 0.365885
0 0.025391 0.667318 0.050781 0.131510
0 0.026855 0.716797 0.053710 0.180990
0 0.062988 0.690104 0.075195 0.091146
0 0.078125 0.695964 0.046875 0.079427
0 0.118164 0.647135 0.078125 0.057292
0 0.085938 0.654948 0.013672 0.023438
0 0.090820 0.675130 0.011719 0.032552
0 0.122070 0.675130 0.042969 0.053385
0 0.159180 0.665365 0.025391 0.044271
0 0.183594 0.660156 0.027344 0.049479
0 0.196777 0.663411 0.018555 0.027344
0 0.201172 0.667318 0.017578 0.024740
0 0.211426 0.664063 0.016602 0.039063
0 0.213867 0.654948 0.019531 0.039063
0 0.666504 0.639323 0.038086 0.067708
0 0.768555 0.595703 0.169922 0.178385
0 0.961914 0.645833 0.074219 0.091146
0 0.992188 0.632161 0.013672 0.035156
0 0.995117 0.634766 0.007813 0.029948