1 0.312988 0.837891 0.442383 0.300781
0 0.053711 0.692708 0.031250 0.104167
0 0.083984 0.690104 0.033203 0.083333
0 0.140625 0.720703 0.046875 0.121094
0 0.138672 0.663411 0.027344 0.055990
0 0.187012 0.694661 0.055664 0.134115
0 0.213379 0.660807 0.038086 0.071615
0 0.245117 0.488932 0.091797 0.194010
0 0.485352 0.712891 0.048828 0.115885
0 0.508789 0.777344 0.046875 0.231771
0 0.546387 0.765625 0.065430 0.250000
0 0.608887 0.800781 0.065430 0.171875
0 0.754883 0.836589 0.076172 0.324219
0 0.814453 0.795573 0.074219 0.252604
0 0.921387 0.687500 0.038086 0.122396