0 0.243652 0.180836 0.159180 0.136888
0 0.225098 0.870317 0.034180 0.106628
0 0.243652 0.913545 0.034180 0.167147
0 0.388184 0.252161 0.174805 0.265130
0 0.402832 0.321326 0.088867 0.394813
0 0.639648 0.368876 0.232422 0.354467
0 0.571289 0.896974 0.048828 0.200288
0 0.609375 0.932277 0.027344 0.129683
0 0.638672 0.920749 0.041016 0.152738
0 0.679199 0.860231 0.038086 0.077810
0 0.679199 0.934438 0.030273 0.125360
0 0.716797 0.886888 0.050781 0.099424
0 0.809570 0.906340 0.054688 0.060519
1 0.126465 0.925793 0.233398 0.142651
1 0.874023 0.939481 0.248047 0.115274