0 0.479004 0.761068 0.049805 0.188802
1 0.165527 0.610677 0.127930 0.101563
0 0.547363 0.806641 0.065430 0.108073
0 0.603027 0.736979 0.040039 0.205729
0 0.631348 0.729818 0.038086 0.196615
0 0.640137 0.492839 0.038086 0.207031
0 0.656250 0.751953 0.031250 0.199219
0 0.712891 0.749349 0.044922 0.188802
0 0.812988 0.744141 0.057617 0.188802
1 0.204590 0.793620 0.409180 0.313802
1 0.219238 0.890625 0.438476 0.216146
1 0.180664 0.559245 0.023438 0.022135
1 0.224609 0.555339 0.033203 0.027344
1 0.393066 0.577474 0.057617 0.042969
1 0.596191 0.572266 0.043945 0.035156
1 0.891113 0.621745 0.120117 0.063802