0 0.330566 0.760615 0.096680 0.335286
1 0.082520 0.753294 0.143555 0.209370
0 0.026367 0.743045 0.052734 0.335286
0 0.191406 0.743777 0.072266 0.333821
0 0.278809 0.743777 0.065430 0.304539
0 0.440430 0.702782 0.070313 0.076135
0 0.833984 0.752562 0.056641 0.169839
0 0.858887 0.658858 0.028320 0.108346
0 0.891113 0.685212 0.057617 0.143485
1 0.270508 0.705710 0.318359 0.289898
1 0.604492 0.723280 0.369141 0.348463
1 0.729980 0.631040 0.139648 0.096633
1 0.792480 0.620791 0.098633 0.090776
1 0.872070 0.563690 0.082031 0.070278
1 0.927246 0.754758 0.143555 0.311859
1 0.970703 0.571742 0.056641 0.054173