0 0.804199 0.885798 0.043945 0.187408
1 0.265137 0.885798 0.284180 0.178624
0 0.047363 0.773792 0.018555 0.024890
0 0.145508 0.824305 0.031250 0.076135
0 0.198242 0.800146 0.015625 0.039531
0 0.350098 0.805271 0.020508 0.052709
0 0.369629 0.819180 0.020508 0.071742
0 0.651367 0.860908 0.033203 0.134700
0 0.703125 0.836018 0.015625 0.105417
0 0.867676 0.874817 0.024414 0.162518
0 0.954590 0.284773 0.086914 0.461201
1 0.530762 0.833821 0.110352 0.086384
1 0.657715 0.800146 0.055664 0.057101
1 0.747559 0.829429 0.051758 0.045388