0 0.477051 0.197266 0.100586 0.272135
0 0.653320 0.103516 0.128906 0.207031
0 0.876953 0.106120 0.050781 0.173177
0 0.939941 0.105469 0.053711 0.143229
0 0.982422 0.102865 0.033203 0.138021
1 0.039063 0.047526 0.078125 0.055990
1 0.074707 0.028646 0.125977 0.057292
1 0.229492 0.030599 0.023438 0.022135
1 0.257324 0.029948 0.026367 0.023438
1 0.272461 0.026042 0.009766 0.007813
1 0.293945 0.032552 0.019531 0.015625
1 0.312500 0.031250 0.011719 0.018229
1 0.458984 0.067057 0.296875 0.134114
1 0.935059 0.095703 0.100586 0.076823
1 0.920898 0.073568 0.064453 0.040365