1 0.826172 0.252562 0.281250 0.224012
0 0.104004 0.275988 0.032227 0.144949
0 0.240234 0.530015 0.185547 0.711567
0 0.166016 0.263543 0.031250 0.125915
0 0.276367 0.245974 0.046875 0.102489
0 0.320801 0.246706 0.032227 0.147877
0 0.350586 0.254026 0.029297 0.133236
0 0.395508 0.248902 0.041016 0.137628
0 0.539063 0.267204 0.035156 0.147877
0 0.574219 0.302343 0.072266 0.308931
0 0.639648 0.320644 0.048828 0.301611
1 0.014160 0.292094 0.028320 0.109810
1 0.098633 0.663250 0.197266 0.670571
1 0.179199 0.234261 0.061523 0.084919
1 0.453125 0.244510 0.070313 0.105417
1 0.509766 0.245242 0.128906 0.118594
1 0.636719 0.241581 0.177734 0.146413
1 0.975098 0.308931 0.047852 0.234261