0 0.627441 0.266927 0.098633 0.190104
1 0.496582 0.525391 0.780273 0.553385
0 0.037598 0.365234 0.075195 0.305990
0 0.247070 0.245443 0.041016 0.095052
0 0.569336 0.220052 0.021484 0.036458
0 0.907227 0.270833 0.035156 0.096354
0 0.908203 0.258464 0.029297 0.100260
0 0.936523 0.261719 0.027344 0.104167
0 0.976074 0.270182 0.032227 0.121094
0 0.987305 0.268880 0.023438 0.105469
1 0.125000 0.318359 0.203125 0.152344
1 0.239746 0.260417 0.094727 0.059896
1 0.506836 0.214844 0.310547 0.070313
1 0.581543 0.330078 0.411133 0.186198
1 0.925781 0.251953 0.099609 0.079427