1 0.499512 0.486900 0.999023 0.759825
0 0.172852 0.325328 0.048828 0.323144
0 0.261719 0.255459 0.021484 0.122271
0 0.280762 0.259825 0.020508 0.109170
0 0.355469 0.217249 0.005859 0.098253
0 0.361816 0.222707 0.016602 0.078603
0 0.480957 0.242358 0.028320 0.148472
1 0.107910 0.271834 0.092773 0.133188
1 0.185059 0.266376 0.145508 0.131004
1 0.487793 0.277293 0.069336 0.078603
1 0.573242 0.233624 0.078125 0.056769
1 0.634277 0.250000 0.047852 0.024017
1 0.697266 0.256550 0.019531 0.019651
1 0.729492 0.258734 0.023438 0.019651