0 0.284668 0.241581 0.131836 0.386530
1 0.481445 0.530747 0.748047 0.677892
0 0.085938 0.095168 0.015625 0.096633
0 0.107422 0.087116 0.021484 0.109810
0 0.198242 0.104685 0.029297 0.118594
0 0.350098 0.187408 0.075195 0.366032
0 0.451660 0.164714 0.084961 0.288433
0 0.532715 0.068814 0.016602 0.043924
0 0.554199 0.068082 0.018555 0.033675
0 0.711426 0.085652 0.020508 0.109810
0 0.729492 0.086384 0.041016 0.111274
0 0.759277 0.092240 0.018555 0.105417
1 0.042969 0.101757 0.085938 0.077599
1 0.135254 0.412884 0.270508 0.465593
1 0.148438 0.101025 0.091797 0.081991
1 0.492676 0.079063 0.063477 0.090776
1 0.585938 0.092972 0.136719 0.130307
1 0.693359 0.103221 0.130859 0.101025
1 0.836426 0.104685 0.147461 0.112738
1 0.946289 0.107613 0.105469 0.109810