0 0.025391 0.358616 0.033203 0.036819
0 0.172852 0.366716 0.017578 0.035346
0 0.249512 0.322533 0.038086 0.070692
0 0.276855 0.384389 0.036133 0.120766
0 0.395996 0.502946 0.202148 0.796760
0 0.485840 0.363034 0.016602 0.072165
0 0.516113 0.370398 0.032227 0.060383
0 0.527832 0.351988 0.020508 0.038292
0 0.617676 0.487482 0.153320 0.718704
0 0.689453 0.392489 0.025391 0.104566
0 0.769043 0.370398 0.016602 0.027982
1 0.113281 0.410162 0.226562 0.148748
1 0.737305 0.544919 0.523438 0.441826
1 0.517578 0.437408 0.060547 0.111929