0 0.541016 0.550000 0.095703 0.400000
0 0.016113 0.503906 0.032226 0.360938
0 0.016113 0.469531 0.032226 0.101563
0 0.059082 0.426563 0.032227 0.121875
0 0.084473 0.517969 0.063477 0.357812
0 0.383789 0.478906 0.019531 0.082812
0 0.439941 0.537500 0.102539 0.443750
0 0.736816 0.499219 0.206055 0.332813
0 0.677246 0.423438 0.036133 0.103125
0 0.952637 0.370312 0.090820 0.153125
0 0.969727 0.417969 0.058594 0.235937
1 0.065918 0.939063 0.131836 0.118750
1 0.133301 0.470313 0.223633 0.181250
1 0.271484 0.457813 0.103516 0.156250
1 0.346680 0.485156 0.052734 0.092188
1 0.366699 0.464844 0.067383 0.079687
1 0.676270 0.742969 0.645508 0.510938
1 0.810059 0.442969 0.377930 0.445313