0 0.634277 0.673611 0.083008 0.583333
1 0.126953 0.559028 0.171875 0.201389
0 0.451660 0.571181 0.026367 0.152778
0 0.493652 0.532118 0.045898 0.116319
0 0.526367 0.564236 0.029297 0.156250
0 0.555176 0.562500 0.028320 0.163194
0 0.700684 0.555556 0.010742 0.104167
0 0.717773 0.565104 0.023438 0.095486
1 0.303711 0.486111 0.027344 0.031250
1 0.353516 0.474826 0.035156 0.029514
1 0.364258 0.522569 0.056641 0.076389
1 0.399902 0.482639 0.022461 0.027778
1 0.416992 0.500868 0.029297 0.039931
1 0.445801 0.493056 0.018555 0.031250