0 0.424805 0.536859 0.052734 0.375000
1 0.854004 0.552885 0.176758 0.298077
0 0.118164 0.557692 0.041016 0.320513
0 0.150391 0.562500 0.035156 0.323718
0 0.254395 0.567308 0.038086 0.326923
0 0.455078 0.535256 0.023438 0.326923
0 0.504395 0.549679 0.032227 0.304487
0 0.514648 0.568910 0.050781 0.304487
0 0.608887 0.554487 0.045898 0.307692
0 0.790527 0.551282 0.020508 0.275641
0 0.803711 0.567308 0.023438 0.326923
0 0.845703 0.578526 0.035156 0.304487
0 0.885254 0.594551 0.043945 0.291667
1 0.171875 0.533654 0.246094 0.375000
1 0.496582 0.544872 0.221680 0.320513