1 0.470703 0.593750 0.867188 0.653646
0 0.020996 0.253906 0.041992 0.049479
0 0.021484 0.120443 0.019531 0.042969
0 0.033691 0.121094 0.036133 0.062500
0 0.033203 0.247396 0.023438 0.065104
0 0.056641 0.122396 0.013672 0.059896
0 0.063477 0.116536 0.013672 0.048177
0 0.089355 0.273438 0.026367 0.088542
0 0.085938 0.117188 0.007813 0.046875
0 0.096680 0.121094 0.011719 0.044271
0 0.108398 0.241536 0.003906 0.035156
0 0.115723 0.242188 0.006836 0.046875
0 0.165039 0.255859 0.029297 0.100260
0 0.266602 0.241536 0.015625 0.022135
0 0.288086 0.240885 0.021484 0.020833
0 0.359375 0.248047 0.023438 0.029948
0 0.382813 0.248047 0.017578 0.032552
0 0.422363 0.241536 0.022461 0.035156
0 0.443848 0.244792 0.024414 0.039063
0 0.579590 0.221354 0.020508 0.028646
0 0.582520 0.223958 0.006836 0.013021
0 0.621582 0.225911 0.012695 0.027344
0 0.800781 0.229818 0.007813 0.024740
0 0.810059 0.233724 0.006836 0.019531
0 0.855469 0.252604 0.046875 0.080729
0 0.874512 0.263021 0.034180 0.111979
0 0.976563 0.289063 0.039063 0.145833
1 0.053223 0.375651 0.106445 0.240885
1 0.083984 0.827474 0.167968 0.342448
1 0.737793 0.417969 0.522461 0.385417
1 0.779297 0.246745 0.105469 0.045573
1 0.936035 0.305339 0.125977 0.102865
1 0.925293 0.263021 0.069336 0.049479