0 0.290039 0.741557 0.015625 0.108664
0 0.321777 0.732746 0.026367 0.082232
0 0.371094 0.761380 0.041016 0.168869
0 0.429688 0.781938 0.027344 0.162996
0 0.488281 0.767254 0.037109 0.107195
0 0.560547 0.779736 0.042969 0.152717
0 0.598145 0.781938 0.026367 0.130690
0 0.717285 0.698972 0.016602 0.023495
0 0.772461 0.718796 0.021484 0.022026
0 0.831055 0.710720 0.017578 0.026432
0 0.886719 0.733480 0.009766 0.071953
0 0.923340 0.701175 0.008789 0.036711
1 0.660156 0.785609 0.158203 0.155653
1 0.711914 0.738620 0.115234 0.049927
1 0.804199 0.792217 0.151367 0.130690
1 0.920898 0.825991 0.156250 0.218796