1 0.520996 0.611979 0.208008 0.177083
0 0.407715 0.654297 0.088867 0.355469
0 0.740234 0.580729 0.039063 0.106771
0 0.753418 0.582031 0.028320 0.106771
0 0.821289 0.582031 0.046875 0.203125
0 0.888672 0.593750 0.062500 0.187500
0 0.948242 0.602865 0.068359 0.190104
1 0.442383 0.645833 0.019531 0.109375
1 0.619141 0.586589 0.218750 0.180990
1 0.719727 0.571615 0.017578 0.046875
1 0.834961 0.491536 0.039063 0.024740
1 0.868164 0.514974 0.027344 0.019531
1 0.882324 0.492839 0.049805 0.024740
1 0.908691 0.499349 0.030273 0.011719
1 0.957031 0.565104 0.083984 0.143229