0 0.220215 0.921669 0.041992 0.153734
0 0.255371 0.928990 0.022461 0.139092
0 0.283203 0.930454 0.029297 0.136164
0 0.336426 0.926061 0.020508 0.139092
0 0.347656 0.904832 0.019531 0.105417
0 0.361328 0.931186 0.011719 0.122987
0 0.377441 0.926061 0.022461 0.144949
0 0.413574 0.887262 0.018555 0.070278
0 0.432617 0.884334 0.015625 0.064422
0 0.461426 0.923865 0.028320 0.149341
0 0.497070 0.880673 0.015625 0.086384
0 0.511230 0.860176 0.008789 0.007321
0 0.538574 0.920205 0.036133 0.144949
0 0.572754 0.923133 0.020508 0.139092
0 0.600098 0.925329 0.038086 0.146413
0 0.701660 0.928990 0.018555 0.139092
0 0.749512 0.931186 0.014648 0.120059
0 0.763672 0.934114 0.013672 0.128843
0 0.785156 0.930454 0.011719 0.136164
0 0.801758 0.926061 0.017578 0.133236
0 0.820801 0.939239 0.014648 0.112738
0 0.840820 0.945827 0.019531 0.105417
0 0.863281 0.927526 0.019531 0.136164
0 0.893066 0.931918 0.026367 0.133236
0 0.913574 0.928258 0.008789 0.134700
0 0.940430 0.937042 0.017578 0.111274
1 0.078125 0.906296 0.156250 0.184480