0 0.017090 0.292217 0.034180 0.140969
0 0.039551 0.229809 0.028320 0.110132
0 0.062012 0.356094 0.057617 0.245228
0 0.076172 0.248164 0.046875 0.120411
0 0.062500 0.198238 0.017578 0.052863
0 0.109863 0.265786 0.032227 0.046990
0 0.139648 0.353891 0.048828 0.143906
0 0.175293 0.417034 0.040039 0.138032
0 0.189453 0.363436 0.048828 0.133627
0 0.448242 0.375184 0.041016 0.086637
0 0.526367 0.685756 0.119141 0.287812
0 0.645020 0.357562 0.041992 0.092511
0 0.692871 0.532305 0.088867 0.327460
0 0.687988 0.339941 0.038086 0.071953
0 0.713379 0.342878 0.018555 0.051395
0 0.737793 0.334802 0.030273 0.140969
0 0.825195 0.414831 0.056641 0.204112
0 0.881348 0.554332 0.092773 0.356828
0 0.921387 0.392070 0.024414 0.085169
0 0.936035 0.402349 0.053711 0.114537
0 0.974121 0.381791 0.041992 0.117474
1 0.005371 0.197504 0.010742 0.042584
1 0.011719 0.164464 0.023438 0.041116
1 0.035156 0.190162 0.070312 0.060206
1 0.050781 0.161527 0.041016 0.032305
1 0.081543 0.190896 0.018555 0.058737