0 0.015137 0.113695 0.028320 0.090439
0 0.077637 0.178295 0.104492 0.245478
0 0.126465 0.119509 0.036133 0.161499
0 0.159668 0.122093 0.040039 0.125323
0 0.201660 0.109173 0.040039 0.120155
0 0.246582 0.122093 0.071289 0.094315
0 0.332520 0.112403 0.065430 0.093023
0 0.365723 0.092377 0.034180 0.117571
0 0.395996 0.102067 0.030273 0.121447
0 0.449219 0.109173 0.031250 0.096899
0 0.469727 0.116279 0.021484 0.111111
0 0.505859 0.129845 0.039063 0.135659
0 0.542480 0.125969 0.049805 0.171835
0 0.579590 0.181525 0.098633 0.303618
0 0.660156 0.126615 0.029297 0.126615
0 0.713867 0.273902 0.119141 0.217054
0 0.700684 0.093023 0.026367 0.062016
0 0.726563 0.100775 0.017578 0.069767
0 0.758301 0.098837 0.024414 0.060724
0 0.808105 0.238372 0.063477 0.179587
0 0.798340 0.203488 0.041992 0.125323
0 0.800293 0.109173 0.038086 0.071059
0 0.827637 0.106589 0.034180 0.076227
0 0.865234 0.259044 0.091797 0.218346
0 0.869141 0.141473 0.042969 0.130491
0 0.885742 0.138889 0.023438 0.130491
0 0.910156 0.130491 0.023438 0.129199
0 0.940430 0.146641 0.027344 0.130491
0 0.968262 0.142119 0.045898 0.134367
1 0.472656 0.535530 0.908203 0.735142
1 0.737793 0.166021 0.192383 0.140827
1 0.863281 0.128553 0.082031 0.078811