0 0.165527 0.885417 0.063477 0.226563
0 0.241699 0.901693 0.071289 0.194010
0 0.285156 0.882161 0.068359 0.233073
0 0.357910 0.811198 0.071289 0.210938
0 0.380371 0.917318 0.081055 0.162760
0 0.416016 0.852214 0.076172 0.279948
0 0.417969 0.725911 0.039063 0.097656
0 0.529297 0.876953 0.054688 0.243490
0 0.574219 0.902344 0.056641 0.187500
0 0.605469 0.934245 0.066406 0.128906
0 0.601074 0.632813 0.047852 0.205729
0 0.611328 0.866536 0.058594 0.225260
0 0.682617 0.483073 0.050781 0.169271
0 0.708496 0.441406 0.040039 0.161458
0 0.755859 0.883464 0.078125 0.230469
0 0.755859 0.501953 0.050781 0.186198
0 0.810059 0.871745 0.063477 0.248698
0 0.895508 0.518880 0.044922 0.131510
0 0.928223 0.434245 0.051758 0.214844
0 0.940430 0.910807 0.076172 0.175781
1 0.723145 0.121094 0.081055 0.085938
1 0.938477 0.107422 0.103516 0.095052