1 0.493652 0.536458 0.706055 0.843750
0 0.016113 0.311849 0.030273 0.037760
0 0.040039 0.312500 0.009766 0.026042
0 0.055664 0.307292 0.013672 0.023438
0 0.110352 0.296875 0.048828 0.057292
0 0.190430 0.310547 0.017578 0.032552
0 0.218262 0.310547 0.012695 0.032552
0 0.260742 0.296875 0.005859 0.010417
0 0.273926 0.302083 0.002930 0.015625
0 0.278809 0.304688 0.006836 0.020833
0 0.291016 0.302083 0.003906 0.015625
0 0.362305 0.304688 0.009766 0.020833
0 0.829102 0.322266 0.017578 0.061198
0 0.850098 0.304036 0.004883 0.019531
0 0.934082 0.333984 0.020508 0.048177
0 0.960449 0.356771 0.034180 0.151042
1 0.865723 0.333984 0.065430 0.076823
1 0.903809 0.329427 0.018555 0.031250