1 0.921875 0.541016 0.138672 0.160156
0 0.105469 0.600260 0.052734 0.325521
0 0.162598 0.567057 0.051758 0.227865
0 0.473145 0.567057 0.053711 0.209635
0 0.504395 0.520182 0.024414 0.097656
0 0.526855 0.491536 0.022461 0.058594
0 0.543457 0.561198 0.043945 0.169271
0 0.549316 0.480469 0.014648 0.033854
0 0.557129 0.486979 0.016602 0.028646
0 0.571777 0.541016 0.026367 0.154948
0 0.692871 0.574219 0.061523 0.263021
0 0.768555 0.588542 0.115234 0.348958
1 0.019531 0.516927 0.039062 0.062500
1 0.030273 0.489583 0.033203 0.023438
1 0.059570 0.510417 0.072266 0.065104
1 0.976074 0.583333 0.045898 0.085938