1 0.509517 0.736328 0.890190 0.466797
0 0.149341 0.370117 0.038067 0.042969
0 0.289165 0.341309 0.021962 0.022461
0 0.316252 0.338379 0.017570 0.018555
0 0.361640 0.349121 0.023426 0.024414
0 0.380673 0.347656 0.020498 0.009766
0 0.401171 0.348633 0.014641 0.011719
0 0.437775 0.338867 0.020498 0.019531
0 0.650073 0.414551 0.046852 0.118164
0 0.680820 0.339355 0.014641 0.018555
0 0.698389 0.337402 0.023426 0.016602
0 0.712299 0.338867 0.016105 0.013672
0 0.953880 0.449219 0.060029 0.148438
0 0.972182 0.352539 0.029283 0.044922
0 0.970717 0.337402 0.020498 0.030273