1 0.743490 0.617188 0.341146 0.199219
0 0.450521 0.059082 0.164063 0.118164
0 0.889974 0.089844 0.149740 0.179688
1 0.113932 0.350586 0.089844 0.060547
1 0.211589 0.575195 0.282552 0.150391
1 0.265625 0.332031 0.101563 0.056641
1 0.296875 0.309570 0.093750 0.052734
1 0.354167 0.392090 0.203125 0.086914
1 0.361979 0.470703 0.205729 0.095703
1 0.399089 0.326660 0.095052 0.065430
1 0.412109 0.281738 0.100260 0.026367
1 0.678385 0.496094 0.273438 0.125000
1 0.669922 0.439941 0.209635 0.104492
1 0.643229 0.361816 0.101563 0.061523
1 0.906901 0.606445 0.183594 0.167969
1 0.964193 0.505371 0.069010 0.075195