0 0.512695 0.601757 0.072266 0.254758
1 0.187500 0.685944 0.375000 0.244510
0 0.020996 0.468521 0.028320 0.087848
0 0.052246 0.467789 0.022461 0.051245
0 0.059570 0.447291 0.025391 0.065886
0 0.103027 0.446559 0.026367 0.090776
0 0.161133 0.508785 0.029297 0.083455
0 0.193359 0.495608 0.050781 0.115666
0 0.249512 0.488287 0.020508 0.077599
0 0.282715 0.442899 0.016602 0.089312
0 0.303223 0.442899 0.028320 0.077599
0 0.382324 0.648609 0.075195 0.237189
0 0.389160 0.517570 0.043945 0.139092
0 0.467285 0.389458 0.098633 0.105417
0 0.440430 0.507321 0.041016 0.147877
0 0.508301 0.493411 0.049805 0.102489
0 0.549805 0.549048 0.025391 0.234261
0 0.598145 0.439971 0.041992 0.109810
0 0.660645 0.552709 0.079102 0.115666
0 0.643066 0.371157 0.022461 0.054173
0 0.682617 0.485359 0.054688 0.092240
0 0.692871 0.379209 0.014648 0.064422
0 0.725586 0.505857 0.041016 0.115666
0 0.740234 0.458272 0.029297 0.105417
0 0.740234 0.393119 0.015625 0.036603
0 0.765625 0.455344 0.017578 0.122987
0 0.802734 0.377013 0.015625 0.039531
0 0.822266 0.359444 0.011719 0.062958
0 0.945313 0.457540 0.039063 0.045388
1 0.899414 0.383602 0.064453 0.020498