1 0.314941 0.708029 0.360352 0.236496
0 0.026367 0.652555 0.029297 0.064234
0 0.060059 0.648175 0.020508 0.075912
0 0.119629 0.648175 0.055664 0.134307
0 0.137207 0.649635 0.006836 0.035036
0 0.159668 0.655474 0.018555 0.040876
0 0.185059 0.653285 0.020508 0.059854
0 0.212891 0.654745 0.011719 0.045255
0 0.265625 0.640876 0.011719 0.017518
0 0.532715 0.672263 0.010742 0.033577
0 0.829590 0.670073 0.147461 0.656934
0 0.957520 0.714599 0.083008 0.567883
1 0.034668 0.648175 0.069336 0.049635
1 0.574219 0.694161 0.091797 0.080292
1 0.759277 0.705839 0.073242 0.124088