0 0.874512 0.283309 0.104492 0.379209
1 0.525391 0.595900 0.894531 0.805271
0 0.141113 0.160322 0.014648 0.054173
0 0.188965 0.161054 0.020508 0.046852
0 0.252441 0.177892 0.026367 0.024890
0 0.285156 0.164714 0.029297 0.036603
0 0.321777 0.159590 0.034180 0.061493
0 0.431152 0.154466 0.022461 0.065886
0 0.460449 0.149341 0.020508 0.058565
0 0.540039 0.122255 0.025391 0.048316
0 0.569336 0.133236 0.027344 0.038067
0 0.611816 0.138360 0.028320 0.089312
1 0.031738 0.331625 0.063476 0.297218
1 0.057617 0.152269 0.115234 0.146413