0 0.661133 0.457540 0.027344 0.118594
0 0.673828 0.445827 0.021484 0.124451
0 0.677734 0.466325 0.019531 0.139092
0 0.697266 0.462665 0.027344 0.161054
0 0.707031 0.479502 0.033203 0.165447
0 0.717285 0.397511 0.014648 0.045388
0 0.727051 0.479502 0.024414 0.130307
0 0.726563 0.401903 0.013672 0.048316
0 0.748535 0.497072 0.047852 0.080527
0 0.749023 0.464861 0.033203 0.171303
0 0.737305 0.401903 0.005859 0.024890
0 0.744629 0.396047 0.006836 0.016105
0 0.810547 0.535139 0.074219 0.265007
0 0.890137 0.598829 0.083008 0.462665
1 0.356445 0.472914 0.140625 0.143485
1 0.426758 0.454612 0.027344 0.080527
1 0.429199 0.462665 0.032227 0.090776
1 0.441406 0.437042 0.019531 0.054173
1 0.442871 0.441435 0.012695 0.039531
1 0.455078 0.434114 0.021484 0.036603
1 0.455566 0.433382 0.016602 0.038067
1 0.474121 0.422401 0.014648 0.030747
1 0.474121 0.421669 0.014648 0.029283
1 0.501465 0.421669 0.041992 0.049780
1 0.500000 0.422401 0.037109 0.048316