0 0.325684 0.207965 0.098633 0.233038
0 0.072754 0.495575 0.145508 0.333333
0 0.094238 0.417404 0.172852 0.253687
0 0.104492 0.488938 0.158203 0.346608
0 0.196289 0.446165 0.130859 0.261062
0 0.416504 0.223451 0.086914 0.255162
0 0.430664 0.185841 0.078125 0.224189
0 0.491699 0.168142 0.084961 0.221239
0 0.534180 0.136431 0.083984 0.252212
0 0.616699 0.057522 0.049805 0.115044
0 0.658691 0.045723 0.036133 0.091445
0 0.700195 0.069322 0.056641 0.138643
0 0.754883 0.027286 0.037109 0.054572
1 0.530273 0.499263 0.937500 0.998525