0 0.158691 0.366032 0.024414 0.038067
0 0.343750 0.406296 0.015625 0.030747
0 0.520996 0.461201 0.061523 0.099561
0 0.631836 0.482430 0.070313 0.098097
0 0.700684 0.467789 0.032227 0.045388
0 0.761230 0.438507 0.014648 0.024890
0 0.825195 0.462665 0.005859 0.096633
0 0.837402 0.468521 0.022461 0.117130
0 0.886230 0.461933 0.038086 0.297218
0 0.910156 0.478038 0.037109 0.285505
0 0.944336 0.452416 0.072266 0.462665
1 0.016602 0.459736 0.033203 0.152269
1 0.236328 0.489751 0.470703 0.355783
1 0.464844 0.456076 0.072266 0.071742
1 0.785645 0.463397 0.036133 0.045388