0 0.019531 0.029412 0.013672 0.058824
0 0.033691 0.030882 0.016602 0.061764
0 0.466797 0.312500 0.050781 0.195588
0 0.478027 0.173529 0.018555 0.029412
0 0.501953 0.181618 0.033203 0.048529
0 0.547852 0.299265 0.062500 0.180882
0 0.631348 0.311765 0.055664 0.164706
0 0.641113 0.117647 0.022461 0.070588
0 0.786133 0.114706 0.013672 0.032353
1 0.034668 0.158088 0.069336 0.122059
1 0.193848 0.209559 0.258789 0.154412
1 0.266602 0.062500 0.083984 0.054412
1 0.523926 0.263235 0.159180 0.176471
1 0.565430 0.109559 0.031250 0.060294
1 0.673828 0.130882 0.095703 0.055882
1 0.831055 0.143382 0.117188 0.080882
1 0.894531 0.147059 0.023438 0.050000
1 0.956055 0.163235 0.085938 0.070588